7.968095112829456639e+01
8.115069599758035679e+01
7.797946798381826738e+01
8.905092828014933559e+01
8.050249198400213402e+01
8.536240409344684110e+01
8.987371503685189111e+01
8.168822313354860398e+01
7.899981580240020662e+01
7.292515097985048556e+01
8.826376430679481189e+01
9.511295569292899188e+01
8.658359744072456010e+01
8.618228862795903922e+01
8.770880150880906001e+01
8.093587583027004939e+01
8.701785236269856227e+01
8.747867701260081219e+01
9.469834419855703800e+01
8.980295664295036318e+01
8.147590906846589576e+01
8.693524062268228647e+01
8.202948420646302452e+01
9.804914218320686814e+01
7.127055317855428029e+01
8.203829962798039332e+01
8.070587094773554782e+01
8.993127292335235268e+01
6.987116079674296998e+01
8.389811618636090884e+01
8.358851263200578785e+01
8.698796080676916631e+01
8.319497483673109173e+01
8.723193880631566799e+01
8.100997057640981325e+01
8.633133772194588573e+01
8.686428389621698898e+01
8.764616414477961825e+01
7.594673148060674350e+01
7.249908753645529202e+01
8.301104214978803952e+01
8.747645331218359388e+01
9.046825967459855633e+01
8.726897939901940049e+01
7.968245054524000182e+01
8.311843570913995904e+01
7.540089056533524570e+01
8.280657332625838762e+01
7.787927816812370452e+01
8.207546560061642538e+01
9.200614772994602220e+01
8.374351837797024700e+01
7.942744526654966819e+01
9.644876905138202972e+01
1.015556065314863048e+02
7.675171606085007170e+01
8.729850244553955463e+01
8.653189937339691085e+01
8.899646793925060706e+01
8.865533959364215377e+01
8.245621886862855376e+01
8.312772061740486151e+01
8.524807628378820823e+01
8.166532800991762997e+01
8.974390196675871323e+01
9.292427572823952175e+01
9.280889687580004477e+01
8.170338813338312889e+01
7.845874879200020757e+01
9.253968664334173866e+01
6.992423860256153034e+01
9.405912712314817270e+01
8.470775861733433487e+01
8.081861741356622986e+01
9.187897005147539176e+01
8.738453254301502682e+01
8.567090735822839065e+01
8.579745085057606957e+01
9.015794023820114944e+01
8.000765600445359382e+01
9.310123176639775977e+01
8.580435833866502549e+01
8.181775384707788135e+01
9.848467656315145291e+01
8.681195999234877547e+01
9.456690330646139842e+01
8.524523830520502088e+01
9.036195913463463114e+01
8.870899549064871792e+01
8.664935274094111151e+01
8.101077277109595798e+01
9.448519614210080420e+01
8.508412674486680771e+01
9.614747848141655595e+01
8.978379111870071938e+01
8.380202448048984820e+01
9.113843596434631422e+01
1.034186155451953795e+02
9.132017733809205140e+01
8.869980620556947315e+01
7.945887660050925660e+01
8.468014513846256364e+01
9.632973814589679762e+01
8.548376892311860331e+01
8.570121677977368790e+01
9.484459311245063873e+01
8.670458646762227772e+01
9.698135234853465647e+01
8.396893847147424594e+01
7.573205603195452795e+01
8.522687480724270870e+01
8.529873610186706401e+01
8.970325669018306769e+01
7.902962074199817266e+01
8.145185453842104550e+01
8.385871401242501122e+01
8.289805902479079691e+01
9.678909695649292644e+01
7.390555850201853616e+01
8.835584003939820263e+01
8.438236814874382219e+01
7.768938299472725362e+01
8.802040477457333623e+01
9.210818245939603344e+01
9.009681378974374866e+01
8.429852739947601492e+01
8.492726542368116327e+01
9.639718055824133103e+01
8.614374972598378122e+01
7.253790698261421710e+01
8.654486665291408087e+01
9.059967080978621823e+01
8.001648172812355142e+01
9.980189177077558327e+01
8.484409376078149023e+01
8.864223042811332220e+01
8.120054208914019966e+01
8.527843455714697996e+01
8.282127856125106291e+01
9.538541464810822390e+01
9.125435921521314242e+01
7.606750723651151702e+01
8.766042956356021421e+01
8.971660007996811714e+01
8.906609518182368390e+01
8.790708126191628935e+01
8.505173320032571382e+01
8.468110567233787833e+01
8.217789563986913492e+01
8.005616286738639076e+01
7.576920825184899400e+01
8.503331266727424520e+01
9.193088812641912000e+01
7.279583492630253261e+01
8.260200799450888098e+01
7.808879725603802058e+01
8.435101893509337856e+01
9.170046184079728846e+01
9.491155740101174842e+01
9.398097085172452125e+01
8.368477576192397294e+01
8.830207996557713557e+01
9.109375621729662953e+01
8.644425602602272818e+01
7.898328420090490454e+01
8.713069169197224539e+01
8.585956490545841291e+01
8.148094543202837770e+01
9.287331299283785313e+01
9.635468354468197560e+01
8.464781519775135621e+01
9.787417041722595457e+01
8.779926609963864337e+01
9.406056169132551759e+01
8.654540665503012065e+01
7.557786315520458231e+01
8.824346803239802739e+01
8.082239461271063874e+01
9.388113328258637580e+01
8.530815278533390256e+01
7.711869615206464346e+01
8.043721550602462855e+01
9.309784692586762844e+01
7.136561817280970388e+01
9.343714965094434888e+01
8.356412114033825844e+01
9.624592937647102531e+01
9.033238757914466532e+01
8.066580017130159774e+01
9.192941654348783231e+01
8.119289304573504751e+01
9.128771966179932917e+01
8.503912459605089680e+01
9.506386207158453772e+01
8.263886423278802340e+01
8.638343622699956370e+01
8.148613057890463551e+01
8.931215375007202795e+01
8.221570344047393064e+01
8.341445911101699551e+01
8.338947584593138629e+01
9.608038491259078739e+01
7.953302714210811075e+01
8.030121044316946666e+01
9.401635526752343708e+01
8.332667982977855559e+01
8.376062381969099135e+01
7.980401790975034260e+01
8.521409930636434638e+01
8.341120028385925878e+01
8.496713308105906037e+01
7.056442395702211456e+01
8.150285716436164307e+01
7.878293890133521415e+01
8.601500817642626373e+01
8.455931368681324045e+01
9.367217010563622637e+01
8.490221640084246246e+01
8.491483696519756563e+01
8.052672011229772409e+01
8.979686977479066456e+01
1.022653727904145740e+02
8.828780914204637043e+01
9.551409048027795734e+01
9.048028169784075203e+01
8.707154579582203269e+01
8.820923157102815537e+01
7.338315906240286779e+01
8.043400490693343841e+01
9.043221181627555438e+01
8.652287127525212895e+01
8.235128077821310910e+01
8.104998045695157316e+01
8.815047345590616601e+01
8.027926218253028878e+01
8.597193368131581792e+01
8.965709055723138476e+01
8.462986439136274441e+01
8.024616300408062841e+01
7.624208737150235038e+01
8.974923001226804331e+01
8.168254907888496064e+01
8.920278960861483597e+01
8.832982815089486905e+01
9.291812248276681885e+01
8.116509575814687594e+01
8.294124208501868623e+01
7.819645047133822402e+01
7.408966126208379421e+01
9.243925802992100671e+01
8.442471778936673843e+01
8.530576396217611546e+01
8.139434682480798244e+01
8.073789077423928973e+01
9.124609301966854957e+01
9.411024849764815770e+01
8.266296920753266875e+01
8.357642252359875101e+01
8.905759327131352165e+01
8.400906315355651088e+01
9.213853839127361312e+01
8.996115159607529677e+01
9.471552176321809213e+01
7.595653983902305129e+01
8.991016569759744925e+01
8.858704297798551863e+01
7.898199670618278390e+01
8.464579400590851321e+01
8.438953918536968501e+01
8.478212304256472009e+01
9.139066399171244370e+01
8.402372592115914074e+01
9.430730983004079349e+01
7.461835149735954076e+01
8.577656504814441973e+01
8.367572598436464659e+01
8.571738806512610154e+01
9.318101817223379157e+01
7.391587657072830098e+01
8.628601034954122895e+01
9.645557564451326016e+01
8.927169049942845902e+01
9.431565990909656705e+01
8.274593671285683172e+01
9.211536304092808791e+01
9.057116977124283608e+01
7.174849296935963139e+01
9.528972415062932555e+01
8.789618426663551531e+01
8.381999419017483888e+01
8.800767273581342920e+01
7.060181618773876266e+01
9.255767062003369006e+01
1.066846190262852900e+02
8.627678691110988041e+01
7.872230808138830582e+01
7.882629568261349107e+01
7.219355087109960323e+01
8.646570811773706566e+01
8.514808488842265888e+01
8.855421788237462977e+01
9.439914212207193600e+01
8.149511772004736088e+01
9.228995900314507139e+01
8.668851098809133759e+01
8.498098156576470785e+01
8.704612704378602928e+01
8.585373512168519028e+01
8.719643402092161466e+01
7.634294083763052186e+01
8.051783011790521982e+01
8.002240478831424753e+01
9.238889915408688580e+01
8.291450675717004515e+01
8.336123931762297445e+01
8.960107399560990871e+01
8.714095641142662885e+01
9.073082320374433607e+01
8.780780375099271851e+01
8.508122629959012784e+01
9.867823140627336898e+01
8.421326946402317049e+01
8.319099177884331198e+01
8.490496185016745301e+01
9.392531148134624175e+01
8.913962932703867637e+01
8.552037890824688304e+01
8.465705000503363920e+01
8.964231304663644551e+01
8.352602801278493416e+01
8.652828158263294256e+01
8.253822180732228730e+01
8.513987798664793161e+01
9.297494408188057946e+01
8.340506262033711948e+01
9.162684608761777838e+01
6.814402848547763369e+01
8.296367377274218313e+01
8.446033346436392719e+01
8.514160714134472130e+01
8.481948499976358846e+01
8.567650720468813574e+01
7.911792675905113015e+01
7.534973337748749600e+01
9.000254646870105546e+01
7.919541987858285381e+01
9.024805206127244617e+01
9.112243782453982988e+01
7.027177628805466725e+01
8.054397015227606005e+01
9.843832143915544464e+01
8.456957907979021627e+01
7.434587683242101264e+01
9.549685577294812333e+01
8.453561545865046867e+01
8.236440933268883668e+01
8.984887303975857265e+01
6.985977743792790307e+01
8.116784143293554621e+01
8.699336345093898615e+01
7.150577034605520055e+01
8.753020512179713819e+01
9.649964453425000954e+01
8.688102908473709363e+01
8.131802414293450454e+01
8.231123703668760072e+01
8.611922431436578051e+01
9.435871410242984325e+01
7.625112425336672572e+01
9.076284953378785758e+01
8.091701801168424879e+01
9.640331751607259037e+01
8.968856894924013545e+01
9.212468193657012705e+01
8.796517170993701029e+01
8.666687380143287101e+01
8.095516001588629251e+01
8.032383218644734768e+01
7.825530890784631310e+01
8.454119222030637104e+01
8.430204499428056408e+01
9.904059385205579247e+01
8.710596579408499451e+01
8.868401734400794112e+01
9.300036663914556812e+01
8.533007575620192142e+01
8.701330508241423445e+01
8.165365778423496579e+01
7.809414797458182989e+01
8.398223355423421310e+01
9.266324430510881882e+01
8.200537953206014663e+01
9.738554444641818009e+01
8.884970057575560531e+01
8.471267810470119741e+01
9.221310440413623155e+01
8.768232625009855497e+01
9.399009640441926194e+01
6.960750091982588117e+01
8.115770325483771330e+01
8.141322459244781840e+01
7.868684042640744281e+01
7.491167633279657423e+01
8.436037291273355265e+01
8.520450923181942926e+01
7.442543118091521137e+01
8.605175160913755406e+01
9.016230489989585806e+01
8.341988262752340688e+01
8.340090592852396867e+01
9.266920240379694462e+01
8.743712485406877022e+01
9.853400887936712138e+01
9.659789093100046387e+01
8.542292625594234323e+01
7.639348784358553246e+01
8.913104570680098959e+01
8.883292444433659796e+01
8.048345658774256606e+01
8.635316672073068389e+01
9.560816634119706237e+01
8.340372185627045098e+01
9.745971178810719948e+01
8.881481523806033351e+01
8.597681183094117330e+01
8.083565951443290487e+01
8.846523766068379757e+01
8.075024585514847786e+01
8.708274239474080503e+01
9.554972507142461779e+01
7.479557209134688378e+01
8.339631298037336649e+01
9.365543954742827282e+01
9.450006523190775454e+01
9.530351274903810577e+01
7.209613597833279641e+01
8.431242057991639172e+01
8.846368862091605934e+01
9.474337547182513219e+01
8.178072676288233822e+01
9.110511293127630950e+01
9.104113418832831428e+01
9.174055945460442274e+01
8.881631315034002228e+01
9.810983561816522069e+01
9.032980587084364288e+01
8.053609677117896126e+01
8.796622942346827756e+01
9.528632052707314415e+01
8.420425317341394589e+01
8.410183872656055826e+01
8.812786919654828921e+01
8.866192758058303980e+01
8.062628128661901883e+01
8.586145347203736833e+01
9.106375719680158909e+01
8.994603875303212703e+01
7.830601203315268322e+01
8.235345578139869360e+01
7.074373716497846942e+01
8.826593881384135898e+01
7.429390109014801169e+01
9.510684408610718776e+01
9.631818119780540144e+01
9.174025633361648602e+01
8.888216047044181778e+01
7.750946530773343568e+01
8.268898292691247320e+01
8.826728880866403415e+01
8.332321761357604828e+01
8.895062167267425934e+01
8.789421765706183010e+01
6.912278463461530009e+01
8.773262486613839428e+01
8.969684064611335828e+01
8.527812856969818256e+01
8.860535131067533143e+01
9.535563941398351062e+01
9.013889233631385878e+01
8.930811905875097523e+01
8.866225291601008962e+01
9.117673971634837926e+01
7.285516420461318887e+01
7.841927050913014341e+01
8.791413251501337811e+01
9.538554506549350265e+01
9.576454337805812145e+01
8.678171366006979781e+01
8.620149898099242591e+01
8.174858738870464947e+01
7.499532963002862118e+01
8.966370796935747478e+01
7.977563744363368414e+01
8.626295996026740909e+01
9.481151064629894165e+01
8.474794006640148325e+01
9.002279182942191937e+01
8.472281612751501712e+01
9.616084237249151556e+01
8.273653399186802915e+01
9.573831111769172253e+01
7.387604811910203750e+01
9.461154143305056152e+01
8.607074038504519820e+01
8.542767290311736872e+01
9.757539113760752514e+01
8.140701969275907857e+01
9.112378486602452199e+01
8.486482895502292934e+01
8.867722886900349977e+01
9.394987825354053257e+01
8.782672001385074623e+01
8.401490361036154297e+01
8.017120986571784158e+01
1.022696150402655917e+02
8.427887764406897020e+01
7.474923965562605588e+01
8.886634561817194822e+01
8.756897057457389622e+01
8.506713851884029509e+01
8.695388444471305434e+01
8.071999991972664645e+01
8.126465162566235279e+01
9.482221641519578270e+01
9.351890414520444494e+01
8.200994690747437232e+01
8.673026639079985500e+01
9.411572298836692596e+01
8.782464760986833596e+01
8.198074537236904291e+01
8.019122764014211668e+01
9.003108080026872528e+01
9.076883012095431980e+01
8.656091619949795302e+01
8.594814725062725813e+01
8.969300841149667747e+01
7.573952017633592959e+01
8.544413416730921540e+01
7.950634322959169253e+01
8.953263399350778684e+01
9.203736194018594574e+01
9.360971077868155987e+01
6.806881610259739546e+01
8.965516625594170819e+01
9.014131531506220085e+01
8.342819600767315080e+01
8.327817161315364558e+01
7.984034776464393701e+01
8.820774533030547104e+01
7.907948501132179331e+01
8.459436121985937973e+01
8.613961600410280539e+01
9.300867513755451910e+01
9.504304592268390195e+01
8.283739814627527664e+01
8.605934595308973201e+01
8.063196658799218142e+01
8.511098459397130966e+01
9.759712364172007426e+01
9.286941055321835847e+01
7.929940334350180819e+01
8.661020068793681048e+01
7.992123130591718905e+01
8.667321047202150908e+01
8.851220839972150145e+01
7.964181736904959052e+01
8.263855205667086068e+01
9.330681242997862057e+01
7.567372000434993140e+01
9.535947260740321951e+01
8.576796997067067707e+01
7.829253549614023200e+01
8.483770388507564064e+01
8.670895570127339624e+01
8.386634382634885299e+01
8.585815130507640447e+01
1.003734152880402917e+02
9.065133601135245556e+01
7.881658800829299594e+01
8.456711613720689513e+01
8.947219885333305456e+01
7.374662042655371863e+01
8.941117723341012891e+01
8.152309822619179158e+01
8.761076660169170793e+01
8.412102153611496647e+01
9.086085935169393224e+01
8.868627618765499676e+01
9.179502373983029884e+01
8.436939874727367794e+01
8.738935791347518034e+01
9.373047588706826616e+01
8.428248640415283433e+01
5.934711750078355408e+01
7.650344682985199540e+01
8.599133398562027253e+01
7.702198561246811437e+01
9.092370442817363596e+01
9.040479799533929395e+01
9.555450616429367017e+01
8.790883447924223049e+01
8.686841640259611097e+01
9.814529477773517385e+01
8.287096297485464902e+01
9.237963237375301162e+01
8.222871395276874296e+01
8.719510939396595006e+01
8.606632296748053079e+01
8.056011340025773393e+01
8.989764721056221219e+01
9.476713848659672124e+01
8.060483320875796664e+01
8.411881126867379521e+01
9.081125927226700867e+01
8.492616601105991947e+01
8.290698349754924834e+01
8.893629013439101527e+01
9.211350465869236359e+01
8.607993337239469156e+01
8.619063535860244940e+01
9.455554756084981705e+01
8.604578845301763579e+01
8.692398119197648043e+01
9.874994392161761425e+01
9.647961239511667486e+01
9.631433616505461259e+01
9.199075155644472090e+01
8.360498577124727149e+01
8.384130343379263195e+01
7.972303158818006352e+01
7.347375209334798285e+01
8.647226710508589065e+01
7.685726443556941945e+01
8.243366788016794544e+01
8.295859800415145457e+01
8.304351939786891990e+01
9.154830051116734069e+01
8.555209262842255669e+01
8.851128215306160030e+01
8.642927673922389431e+01
8.027588512164808776e+01
8.602682652525275842e+01
9.252081453785807241e+01
7.105195484007006712e+01
8.725156926587402495e+01
8.686616491152227582e+01
9.339477572190659771e+01
8.735573042708594471e+01
7.566706446397215302e+01
8.831907348326352292e+01
7.904565223109455019e+01
8.720845807291064489e+01
8.244306067636421176e+01
8.577198925718634825e+01
8.855459459788792742e+01
8.458587942944740234e+01
8.091405647143636770e+01
8.406002942591734950e+01
7.532585382254433171e+01
8.808001870627936114e+01
7.979149226923851757e+01
8.923844881640853544e+01
9.698274725651538120e+01
8.200465021137847543e+01
8.928108040618801056e+01
7.385283043423328309e+01
8.813391271923930503e+01
8.042714175820678690e+01
8.932652077524281253e+01
8.892815987704956626e+01
8.095410821333237550e+01
8.336291881086096112e+01
9.414143859428871508e+01
8.361009364811297928e+01
7.777258692476719659e+01
9.708533003733363387e+01
8.054782028952141104e+01
9.387392513329153587e+01
9.566954361897927583e+01
8.859972238650848908e+01
8.575939510554469791e+01
8.925298221011981070e+01
7.847125315043167859e+01
8.494107450951150895e+01
8.152873327020191141e+01
7.216283376496377855e+01
8.722825033353521462e+01
8.056170448281447705e+01
9.021246394824710535e+01
9.347273643073994265e+01
8.375586371290587806e+01
9.106048880401596080e+01
7.959938454668018437e+01
9.601490779138197240e+01
9.484695300029224541e+01
7.980928652647789079e+01
8.980283726719872561e+01
8.918979055697391800e+01
8.598989339794061948e+01
8.840148422289806263e+01
9.831229282400148861e+01
9.537633872630625831e+01
9.270753322242792649e+01
8.517071350823910336e+01
8.044326181225791572e+01
8.434685108971322620e+01
7.693845622112009153e+01
7.700772368923136924e+01
8.795459341914560980e+01
9.351519303086254808e+01
7.069817108230995473e+01
8.743217301770381766e+01
8.211750185903733268e+01
8.087780026881431183e+01
8.350515833989705072e+01
8.442725476285083630e+01
8.561521743591492850e+01
8.278675412052048443e+01
9.565754534809998688e+01
9.108823278562562109e+01
7.972482349585740735e+01
8.984686611990538552e+01
8.319649450923049017e+01
9.481397828045628273e+01
8.555396821467243740e+01
8.960071015847005071e+01
7.690801172887452708e+01
8.726902937289639794e+01
8.350440359990722072e+01
9.283494597812598670e+01
9.238283674361487385e+01
9.532586778273987704e+01
8.664703393825134015e+01
1.056807285700664494e+02
9.854282317339200858e+01
9.816310963731673667e+01
1.081105147856983848e+02
9.071431667572197455e+01
9.524109671623548934e+01
8.651879300702593412e+01
9.601953655756513228e+01
9.042188547827323930e+01
9.937173013733591631e+01
1.017722626427177488e+02
9.258811828072325056e+01
1.003849909199286827e+02
7.102761869629374303e+01
1.053143733679752785e+02
9.524978441970917231e+01
1.103683828774412774e+02
9.336341979409741043e+01
9.068889592598009131e+01
1.014949833658506577e+02
8.471802422136352106e+01
1.117366497362477276e+02
1.021914464024984568e+02
9.647791408113316436e+01
1.022602786872773635e+02
8.353417508319904528e+01
1.016307164727911356e+02
9.496600577710074731e+01
1.031148161585321645e+02
1.041030766532952470e+02
8.084671183988585597e+01
9.065182065330935757e+01
8.571397426857605240e+01
9.343265528884394655e+01
1.006506754217470814e+02
8.497922603067522118e+01
9.894133459513334117e+01
1.101550538566244200e+02
8.785675058629531975e+01
9.103075276324737786e+01
9.876961897985400185e+01
8.918635875253281142e+01
1.083896929646910792e+02
8.637021293434467850e+01
8.922169769634679426e+01
8.656178891836853495e+01
1.039059692359833633e+02
8.879413438825571347e+01
9.752674155960446001e+01
8.344207542930134025e+01
9.786103276001240658e+01
8.384045357445741331e+01
9.997596735362623122e+01
9.308089920979023191e+01
9.739518585690329644e+01
8.342732814349396619e+01
9.706902720887470082e+01
9.138993154782494344e+01
9.026957869549548263e+01
9.251263919782763878e+01
8.311322116522117653e+01
9.799883666368036472e+01
8.923137672543397514e+01
9.833748491755451937e+01
7.827897346053636340e+01
1.165100049602185948e+02
1.042324893376988939e+02
1.025061365346563775e+02
6.962763002975472659e+01
9.987566077985998447e+01
9.964492199002597772e+01
9.848892322226625140e+01
8.414083449934709336e+01
1.010346717519297073e+02
9.264890926124249404e+01
8.793235210842820493e+01
1.033925322409510699e+02
7.562233681088709147e+01
6.951213046504253157e+01
1.003000218531954317e+02
9.939597774246796291e+01
1.029942923644329937e+02
9.767053239808164733e+01
9.926852533741849527e+01
8.287514566357558010e+01
1.027728590150915409e+02
1.035648584387887894e+02
9.017316567504538227e+01
8.632058880664163780e+01
8.715931888131358107e+01
9.617082540077178976e+01
1.034081377553536356e+02
9.190402821347710471e+01
8.886901361684181211e+01
9.296904610912613975e+01
9.510104195514122694e+01
8.868492391080721404e+01
9.174629679073655097e+01
9.105909810605562882e+01
1.029833296226746739e+02
9.366905545800102573e+01
9.420819285115734942e+01
9.775235212635710980e+01
9.864129146205472409e+01
1.035541240113903427e+02
1.062082176099433326e+02
8.633302863725872101e+01
9.446923835262361990e+01
8.822855968140156335e+01
8.588773404737527528e+01
1.092163471476197714e+02
7.775675590705945694e+01
8.742797900811666523e+01
8.934314338433215141e+01
8.945420723014430564e+01
1.046893559935410138e+02
9.068147729487608899e+01
9.205011786549977160e+01
9.842919747333240821e+01
9.201588684704488230e+01
1.004626736973798131e+02
8.981963634373920513e+01
1.034565370373025246e+02
8.113878261573715633e+01
8.906689003003685912e+01
8.775534637426272866e+01
9.850732176838211274e+01
8.417829011885439172e+01
8.935547182952818446e+01
8.705467061965045161e+01
1.001166700398208462e+02
8.329325395734899473e+01
1.084131338242069802e+02
8.044301058108302982e+01
9.422592960075738233e+01
1.068417016010170357e+02
8.856518283555126914e+01
9.935428824128985070e+01
9.366980549233714726e+01
8.657614384552690012e+01
7.713305112979908529e+01
9.476377880785351238e+01
9.248319148883440732e+01
1.044988732176210817e+02
9.256873261573676359e+01
1.028374383656677225e+02
9.420077740744318362e+01
8.729617356142175311e+01
9.224492453522755397e+01
9.666249259394619742e+01
1.061288323850518793e+02
1.023462074913080642e+02
9.557482654625449925e+01
8.766679311114421580e+01
9.076562408154656225e+01
9.994410375297599103e+01
1.129793294111418760e+02
1.069148321329709574e+02
9.772787649085451278e+01
8.574443877564422678e+01
1.029487926762370620e+02
9.477392959242553161e+01
9.734058400515012011e+01
8.252120857049911251e+01
8.482116327690295066e+01
9.478901159374710517e+01
9.112067536554425828e+01
9.479371265566310001e+01
9.926918914255145410e+01
9.850265543375898858e+01
8.709494806324316585e+01
1.021581339397596508e+02
9.085130369313544918e+01
1.081881597740171372e+02
9.231270094333787313e+01
9.735497701758698952e+01
9.428966784061984185e+01
9.259969629396456980e+01
7.629526750505203836e+01
1.038665610093405434e+02
8.375697347867878761e+01
1.086448993795034283e+02
9.539071191170755526e+01
9.877732468563934276e+01
1.069104045843706530e+02
1.020809445254429022e+02
8.967503631437284639e+01
9.363587710972927880e+01
1.084836854910880390e+02
9.263706774606919225e+01
1.027242345929110598e+02
1.031985162228389612e+02
8.738599310423489896e+01
1.001049262158264952e+02
9.173271343348460505e+01
1.016338954813659399e+02
1.025378949980316747e+02
9.074773777088383042e+01
1.041232090833444062e+02
1.018989609860482659e+02
9.660326563056391080e+01
8.117513086900400765e+01
1.092412366369356249e+02
1.013397147337714443e+02
9.203019188986402810e+01
9.099271340767566585e+01
9.572951938737681132e+01
8.349786270965151402e+01
9.004741164209829662e+01
9.408651891045593629e+01
8.504360724331002075e+01
9.191850061679775763e+01
1.070409184407888574e+02
9.528600510974851545e+01
1.004255913040083357e+02
8.876098862014011104e+01
9.263268725091464262e+01
9.343925035421779057e+01
9.687751084108379018e+01
9.442298584594526289e+01
9.497470015810999655e+01
9.419422412462655814e+01
7.502953403803429921e+01
8.536113034539867783e+01
8.644224450328712805e+01
9.890697388474325180e+01
9.753782583345228829e+01
1.087681663952042896e+02
7.490116695214155129e+01
8.545422280358009459e+01
1.067582257970077677e+02
9.042172576128395178e+01
9.267308979452880635e+01
8.520921681214528576e+01
1.079659932572276517e+02
8.827279721710019089e+01
9.016870563130737537e+01
7.866526254878093027e+01
9.424445859895148203e+01
1.054893167192230550e+02
9.441900246597792545e+01
9.882923521705623671e+01
9.656563421752841236e+01
1.001312519487964749e+02
8.022188409385755392e+01
9.931858299657484679e+01
9.403943173423165547e+01
8.273163059276322429e+01
7.896474916867713034e+01
7.615264237727043906e+01
1.030026246890725048e+02
1.054676689907497291e+02
1.051334739206171065e+02
9.804150354186820948e+01
9.431118492892819916e+01
8.192229709973958052e+01
9.490509163046776564e+01
9.351655948010176189e+01
1.061435712871956127e+02
9.221279451391093573e+01
1.001546493622574445e+02
7.728862056143898940e+01
8.312293577162745351e+01
9.946941769872837824e+01
1.113305169719398293e+02
8.710460017405254973e+01
8.713180645452288786e+01
1.042073846973146090e+02
8.926816610899967941e+01
9.394451376036207080e+01
9.391574241049775651e+01
9.414503096242650315e+01
8.057116213908294355e+01
7.046004115405405344e+01
9.949504183408788549e+01
9.149346967145683607e+01
8.657444330047385961e+01
8.671648582906098568e+01
9.654548365549776179e+01
1.040197585553346613e+02
9.328509280096368173e+01
8.704495957837920628e+01
9.511496382771488811e+01
8.897268162178332318e+01
9.002353441055977612e+01
9.562835032049623862e+01
1.002007273148292796e+02
1.037899116280489125e+02
8.391686657927563431e+01
9.096998203788000126e+01
9.300240395711816177e+01
9.353314489077131100e+01
9.503921071111618346e+01
9.893957513146439453e+01
8.805605724793160505e+01
8.052213276638536854e+01
9.624279677559302115e+01
9.485573975269795710e+01
1.049724421078218626e+02
8.456722570249530690e+01
9.667478691943814795e+01
8.709927762701336462e+01
9.172945509757909122e+01
8.044281039503169950e+01
1.089310359149754532e+02
9.787183121114192375e+01
8.656941896663536795e+01
7.843266033013986771e+01
1.025768011002464277e+02
9.601615777775523952e+01
8.392245797214971503e+01
1.059587362868712432e+02
1.010642019515990597e+02
9.037446461387962415e+01
8.772292052332680612e+01
1.016142852677329529e+02
9.372367598675211298e+01
9.901510430453396339e+01
7.484137676185596888e+01
7.340407882510820059e+01
9.585339955043799876e+01
1.017800143033022238e+02
9.300879340154146746e+01
8.454843622528002811e+01
8.700474131241850273e+01
9.775589721655393305e+01
9.166443691074907463e+01
9.496833102281675565e+01
8.151114569127534537e+01
8.290355089904896602e+01
9.578063477716189311e+01
9.167888704291112845e+01
8.860409658724123005e+01
8.847360626649827964e+01
7.806290963796401172e+01
8.913968038592635423e+01
1.119009912290603808e+02
8.056221166981640636e+01
1.015884733873334653e+02
9.223907679777556723e+01
1.114588598226997362e+02
8.196443377272782982e+01
7.983096856787122420e+01
1.103436301139755926e+02
8.866276975296808871e+01
9.547423028503524733e+01
1.078889646578206509e+02
1.009663502021108741e+02
1.075138341919117408e+02
9.107860710924742875e+01
9.730302075652004135e+01
8.667288609700399604e+01
9.159691773882329358e+01
9.435887450667800636e+01
9.513736550673966974e+01
1.027252720614256987e+02
8.532250478906817648e+01
9.918400579425923524e+01
8.159641732106778989e+01
9.813687771842673158e+01
9.725013056380566923e+01
9.835083012219800480e+01
9.861321567231063057e+01
9.335836577716948170e+01
8.226364775749202352e+01
1.036771863437853369e+02
9.000073001553801078e+01
9.998760188339802824e+01
9.109499839583907033e+01
9.266585877333871224e+01
8.489910932409809163e+01
8.769250293845736621e+01
9.378889570674296294e+01
9.643514908090676840e+01
9.726804326703950210e+01
9.460395986131896962e+01
9.111091703435799616e+01
1.074036297299545168e+02
7.552825724454618239e+01
9.124568153134738679e+01
8.691694394012912994e+01
9.493126159891134819e+01
8.694768996982718079e+01
9.633972759456220558e+01
1.058948045373575724e+02
1.096809027719483112e+02
8.959908850563422789e+01
9.046162859389839639e+01
9.291744082130958304e+01
8.345757425470610258e+01
8.556902058170260261e+01
8.206590316630672532e+01
9.170357815953227032e+01
9.816548859293487794e+01
9.394053306009969617e+01
9.248792389491657673e+01
9.950240364973481633e+01
9.205094026879288549e+01
8.264472889621427498e+01
9.392897829841147939e+01
9.231319685030605626e+01
8.308496713401564193e+01
9.582866227732149866e+01
9.475195548988988037e+01
9.032924117477901405e+01
1.043398625869439655e+02
1.025241139410252771e+02
9.435875457326226012e+01
1.015494067668564071e+02
9.098233146699548968e+01
8.308887114188917167e+01
8.476185626731052025e+01
9.534358980136300943e+01
9.387136955623259382e+01
8.891692674540858832e+01
9.250643462604787715e+01
8.532962140678317553e+01
8.485097706649230531e+01
1.023414003885876866e+02
8.909150916059496694e+01
8.057363916480568378e+01
1.197269408727751170e+02
9.038461342450891323e+01
1.004807889133990528e+02
9.963289204255438847e+01
9.783306540348192470e+01
8.093281711089449004e+01
9.377553031646297654e+01
8.223064265538259576e+01
9.848106437828445792e+01
9.390668517442871632e+01
1.054808738771544370e+02
8.621968714505788967e+01
8.766537774172566344e+01
8.984119558565772934e+01
9.208000924793395825e+01
9.978484108909795225e+01
9.074531675442446499e+01
9.680196927437683030e+01
8.071060636057825377e+01
9.302245635786901801e+01
9.392974661911362944e+01
1.080722362896648434e+02
9.569197155867317406e+01
7.728298909252566773e+01
8.753976310516644332e+01
1.012199778844180003e+02
9.435373550327810221e+01
1.027587342140817412e+02
9.901842027755382958e+01
8.859878144841746916e+01
8.637011432132294431e+01
8.491983093747640510e+01
9.736125423302931381e+01
7.717215371144212099e+01
1.053884233261719601e+02
9.645734211942300362e+01
9.675179306720475836e+01
9.584123602115151641e+01
8.583721334584886620e+01
9.285803797882543620e+01
1.025015340721156321e+02
1.037614382618501025e+02
9.144902448247937343e+01
1.074239035078987143e+02
8.626310154488473358e+01
9.957306332890468070e+01
9.206663933413526024e+01
8.861528902597939350e+01
8.630034005802085062e+01
1.079520472859550040e+02
8.590540716435027946e+01
9.204886635841870657e+01
9.220861514852090579e+01
9.503973927295265867e+01
9.172702457201283721e+01
9.601027172953740774e+01
1.008071890296980229e+02
9.287359785478840024e+01
9.020861266612524787e+01
7.384732805763965757e+01
8.157816143637116113e+01
9.442713695456038181e+01
9.627999815704237108e+01
1.024232344108097834e+02
9.977696107003603743e+01
1.013904540237994922e+02
1.093110506472072530e+02
9.991254385351342648e+01
1.050390915179012694e+02
8.358409652577807947e+01
9.871724465914857660e+01
8.752904630279945764e+01
1.080569485460483179e+02
8.705733141549012544e+01
9.767365141380432192e+01
1.027885451451582099e+02
7.652374355885295643e+01
9.556477262491968361e+01
9.677707014463118185e+01
8.831907273320406659e+01
9.723261815265570362e+01
9.632181958800968857e+01
7.813096296086744985e+01
9.450375771288327087e+01
8.149918442891592463e+01
1.100411983512135805e+02
8.767061065482269555e+01
1.109361900608099063e+02
1.008701071629288606e+02
9.778347593890794087e+01
8.878164198315012356e+01
8.480842188970127893e+01
1.030592111912971518e+02
9.434789540617997261e+01
1.037850906103352742e+02
1.165303239607828800e+02
7.771053165653997041e+01
9.597720087968248492e+01
8.653668525266154177e+01
9.578192087779072494e+01
8.589639666190754497e+01
8.739747444803954579e+01
8.993656376040384259e+01
8.492586610020131843e+01
7.816935368481483692e+01
7.734845800866449395e+01
7.705258515622492155e+01
1.014519133546113636e+02
9.189257381446967088e+01
9.325006922677864907e+01
9.877491251048846266e+01
1.056189249770634575e+02
1.072125572047872026e+02
8.377563492366515163e+01
8.689441581058579800e+01
1.067714866524416095e+02
9.596999580858633294e+01
8.563963307405938963e+01
1.122835564780040016e+02
9.603474522732798846e+01
8.233739135745506132e+01
8.474369213640130738e+01
8.905052512754706129e+01
9.662854070745898127e+01
9.107487014488944510e+01
9.938062821351198295e+01
1.081433535138259288e+02
9.512581850186955990e+01
9.767219703139336673e+01
9.485919099340178207e+01
8.251754641908422627e+01
7.269742900858787493e+01
9.915019195601702506e+01
7.622486876136879630e+01
1.046299220934401291e+02
8.762954467672921055e+01
9.695514178947360051e+01
1.025463716230528348e+02
9.547059657640487274e+01
8.983631275782586556e+01
8.768392594500956250e+01
9.710830373533347881e+01
1.056501093510088083e+02
9.377884331286898600e+01
9.256587190992115666e+01
1.051910420024478867e+02
1.054561190288040109e+02
1.037468485178390409e+02
8.746788235647208865e+01
8.887358216666592625e+01
1.000853908417568050e+02
9.482104581075839178e+01
1.007966596387548748e+02
1.018028548770876682e+02
7.075590173690090978e+01
9.216485378008674445e+01
1.000151267306131615e+02
1.083928778532299617e+02
8.953798803464614764e+01
9.778941284482176854e+01
8.544949004265765780e+01
6.787133941937574377e+01
9.007760138355698132e+01
9.144625885877366045e+01
7.821794636645444143e+01
1.006371956737442730e+02
9.229925431329566266e+01
1.059959424158840022e+02
9.317921754198977169e+01
1.015360594265816587e+02
9.600050706185442095e+01
8.653647370567033192e+01
9.472503710976947389e+01
8.164216287876426748e+01
8.658421224190487919e+01
7.569799969599966971e+01
9.654975951006817070e+01
1.019503102847166218e+02
1.111768218283948215e+02
9.263006857058016408e+01
9.220890688422639414e+01
9.418325875549277271e+01
1.021780019572273659e+02
1.010331518585251303e+02
8.269593320901472566e+01
8.638133833452465637e+01
8.093509872527022253e+01
9.282511125166340094e+01
9.124860346224265584e+01
9.066626245000630036e+01
1.099011557408153124e+02
9.499664499252727978e+01
1.061384042202409148e+02
8.340470151394737286e+01
9.452552394844113337e+01
9.761945195438573819e+01
1.043250465861195835e+02
8.469518284755790205e+01
8.178618411371903107e+01
8.872548991360848447e+01
8.954649426018488612e+01
8.570496115562164618e+01
1.063953006776880272e+02
9.084032039630972122e+01
9.763616087445819858e+01
9.354301189406923811e+01
8.558574368643424179e+01
8.545784385388546411e+01
9.340224103438220027e+01
9.839182316933091954e+01
8.390955143109373182e+01
8.930170051228685679e+01
7.874923546613115377e+01
1.119028333312486865e+02
9.772008622431590652e+01
8.033081776698321619e+01
9.672117159489914684e+01
9.267792320416054963e+01
9.264884602780833234e+01
9.537845788540192871e+01
9.561847991689930382e+01
8.453103399047947164e+01
1.011632854216286859e+02
7.984638900596436883e+01
9.112916168409091711e+01
8.524424656955460478e+01
9.226411724226375100e+01
9.584362862686425899e+01
1.060100347248374248e+02
9.656800891909188067e+01
9.194273155144065868e+01
9.567909953761709119e+01
1.040042581301092923e+02
8.475052910963397323e+01
8.265851858240827710e+01
8.154441985255421343e+01
9.498334449175493432e+01
9.862454396651745014e+01
1.016521069953010681e+02
7.176209571611833837e+01
9.569813155183484810e+01
8.147014817166405010e+01
8.896294896116370410e+01
1.000531413244985259e+02
9.758466372979509629e+01
9.803691699623676925e+01
9.109685731003770570e+01
9.682449298445753527e+01
8.894396950668871682e+01
9.844671140427210787e+01
9.281548583301736244e+01
9.005919299656061128e+01
9.259787235216558088e+01
8.913051987795086006e+01
8.191730433140145351e+01
8.165247171170648244e+01
8.085438445369531735e+01
1.105252781460327469e+02
1.045274968416675847e+02
9.683911520351864510e+01
9.478089084477127813e+01
9.062433795136065839e+01
8.534283008793944703e+01
1.096930016255433316e+02
9.895697540662661140e+01
1.107282709516686054e+02
8.667215247278565471e+01
9.332580024658309981e+01
1.099842641136414869e+02
9.093433957852303706e+01
1.006738409722811980e+02
1.006259457344675781e+02
1.074227032664694832e+02
9.398744489178997696e+01
9.139079413177957179e+01
9.316057162790579582e+01
9.335757221402937489e+01
9.970112701024403634e+01
9.297072680884993190e+01
9.433612595699426606e+01
9.000937985981386191e+01
8.638836718169497431e+01
9.100609396027202536e+01
9.035086179138190232e+01
9.070874802223715960e+01
1.057195786427050592e+02
1.014802994734547497e+02
1.052447654869586273e+02
9.061515094157789463e+01
8.141660326191299646e+01
8.875153534595943938e+01
9.319429372553749147e+01
9.258519526942353650e+01
9.746241311864586976e+01
1.014231269402740878e+02
9.019466807449046541e+01
1.001102382490964686e+02
1.105436481964666484e+02
9.378710565088496764e+01
8.244759602671314269e+01
8.282569737943722998e+01
9.924764918104190770e+01
9.976721693250021872e+01
8.692217335378941812e+01
1.017495400143481135e+02
8.759100529670951119e+01
1.085346678392466231e+02
7.792057740541127941e+01
1.167638914840612898e+02
8.840395400083444599e+01
8.382058974239646432e+01
9.994025770294537381e+01
8.099630149115999700e+01
8.821836275769628344e+01
8.546720950876849088e+01
1.116213175392511374e+02
9.937281124739533311e+01
8.973218944134370645e+01
9.283446888785063322e+01
7.843026665216581250e+01
1.064800098181111991e+02
9.404240545159207443e+01
9.053490278947916181e+01
9.534095037258097705e+01
1.050212729995854488e+02
1.006021905284761431e+02
8.518103582599420065e+01
9.516640651464908274e+01
9.674565354170695741e+01
7.340379757778788417e+01
8.926307137126772773e+01
8.270346454297408911e+01
1.046614163515648528e+02
9.843874452175056433e+01
9.874730665996429479e+01
1.060609670778760432e+02
8.227468508411737957e+01
9.296909877188235782e+01
8.314764886945847877e+01
9.504883291957401070e+01
7.001349611442610410e+01
9.600285408399933829e+01
8.495895956118626202e+01
8.559678922891917807e+01
9.307472652929376977e+01
9.800284267739962729e+01
1.031308073480126666e+02
8.933474104543435601e+01
6.701220252966584212e+01
8.679976983318358918e+01
8.415065613971202652e+01
9.517917916116653032e+01
1.095359292293645836e+02
8.707276066188553898e+01
1.035438697577548055e+02
1.019847698689896305e+02
9.447810099693417385e+01
8.825214388586528003e+01
8.208757129385806195e+01
1.055526988925217893e+02
8.704980515274358766e+01
8.452930639728647577e+01
1.047806932427472333e+02
1.007582869666230749e+02
1.085059406595648284e+02
9.616120006337435200e+01
1.022552414394498612e+02
9.528184318307503986e+01
9.900155090950862302e+01
9.500923181504276727e+01
6.571363298965607669e+01
1.106992175495315820e+02
9.934023476549468512e+01
8.318911101233750571e+01
9.403278556111601461e+01
1.033777601905839703e+02
9.933844671812057925e+01
1.033616568051276943e+02
9.488482672418763286e+01
9.214659820849392702e+01
1.021348423488349084e+02
1.085904107918900365e+02
8.767309434672155533e+01
8.830800993181111380e+01
8.235393946834511780e+01
9.709430101139072633e+01
8.665452758875326822e+01
8.587509187518085696e+01
9.632962785012480822e+01
9.382116908013351519e+01
8.784792777664289076e+01
8.921261382389569405e+01
8.297013979649958060e+01
8.420799256091521556e+01
9.356988506636344027e+01
8.566775362491328849e+01
8.381098684791558640e+01
1.068713156416230987e+02
9.811850783793110509e+01
8.221261173584288429e+01
8.573502965463083569e+01
1.051087394734707203e+02
9.092570714772969609e+01
9.912179008765929211e+01
9.256538525938466933e+01
1.014497364026856729e+02
7.918182732025491077e+01
9.100783487357423951e+01
9.586867138185914428e+01
7.528778569321582381e+01
9.453801982497418521e+01
9.641268349262790593e+01
6.999461220227257741e+01
9.050702805971970122e+01
1.111852184013010714e+02
9.123429036998096819e+01
8.783094056553015605e+01
1.057255240031832813e+02
8.708785497414754673e+01
8.833985867353727883e+01
6.908361773478031864e+01
9.449311528025327789e+01
8.579715056765597581e+01
1.012788283973143848e+02
9.650847715129519599e+01
9.233089117065763674e+01
1.271611524965850890e+02
9.831322690391087349e+01
7.318447699668978146e+01
1.162704007894587619e+02
1.198466608182253879e+02
9.577221839958053806e+01
9.225425498348056408e+01
9.758690877937991104e+01
1.124227911436597225e+02
9.839766470337252713e+01
1.009985712719207243e+02
1.097674998599733129e+02
1.078916290294475289e+02
9.476168041149718135e+01
1.039328006472442780e+02
9.718916327287465151e+01
8.144044882508158878e+01
1.137624563255889996e+02
1.093934344243607910e+02
1.043558919435428578e+02
9.511406027842279798e+01
8.075196903761236911e+01
9.864085435789836254e+01
9.924325271716212171e+01
1.180134283192817719e+02
1.260260124467664866e+02
1.061704049399519079e+02
1.209133257609817349e+02
1.054320669384003395e+02
1.112768213118388303e+02
1.114358552717982462e+02
1.112163448730110815e+02
9.070357913335696765e+01
1.049677327403264968e+02
1.101806769938334014e+02
1.273847944275050565e+02
9.157343918292760065e+01
1.158826464548665882e+02
8.591782741931180567e+01
8.711591008463346952e+01
9.389871379186685374e+01
1.125789239897235063e+02
1.031585707521820297e+02
1.079980693814790129e+02
1.008939814353003328e+02
1.057282297551164447e+02
1.205836436104680871e+02
9.542383107928711183e+01
1.041467224734464452e+02
1.155626888402633767e+02
1.143601652701749458e+02
1.092442100792151507e+02
1.000117491612102185e+02
1.177192996463008257e+02
1.181488940954092186e+02
9.227475172680904336e+01
1.060691205730864368e+02
1.234949612425078840e+02
1.031333260200350423e+02
9.486949225891136450e+01
9.339944961319565664e+01
8.522088361382708399e+01
1.022759932375693666e+02
9.287676720413728049e+01
1.129157421489442328e+02
1.061581846229376822e+02
9.565268369048074248e+01
1.172669861776358857e+02
9.004582931418968883e+01
9.014575995861282820e+01
8.200435086516129957e+01
9.202347321487691545e+01
8.545443027840934747e+01
9.557717596997098042e+01
1.001173699300357356e+02
1.088704157389018690e+02
1.054401971296386051e+02
1.055775504660527560e+02
1.037939524872398067e+02
1.249189144495149009e+02
1.137074919535559587e+02
9.461330354437134815e+01
1.078854462821121842e+02
1.095974764449609040e+02
9.606172270756050580e+01
9.360309211986336209e+01
1.081649095132271583e+02
1.214221353679569404e+02
9.207270432500720858e+01
9.369928706281689301e+01
1.102488718217013144e+02
1.343319755030615568e+02
9.377750945040041586e+01
1.076020368231405797e+02
9.390588306404526975e+01
8.294412688405600420e+01
1.249105067382937477e+02
1.200324734283576902e+02
1.106023034215030947e+02
1.121047314805693986e+02
9.004225871050309138e+01
8.774597456284695340e+01
1.374059378137696115e+02
1.041713668852333257e+02
8.349582165328455119e+01
8.553972043256680990e+01
1.281715881961271180e+02
1.109447622694727045e+02
1.075631083062760496e+02
1.196986409652744356e+02
1.136972739245999833e+02
1.020141493401295349e+02
8.132353389867452620e+01
1.278974957333998645e+02
9.807538841413419561e+01
1.023664834886196644e+02
1.142209840940259653e+02
1.018569812680130298e+02
1.156058768067840816e+02
1.113474707125844674e+02
1.048075122595808750e+02
9.646844508680511865e+01
1.135818037919034964e+02
1.082002968860200980e+02
1.142186274650253353e+02
1.192847988384986309e+02
1.017599793640583812e+02
1.158117748873239634e+02
1.034381000808437534e+02
9.790032072079991110e+01
1.183195237416322385e+02
1.159648954570244825e+02
1.143610376985394907e+02
1.080966963774947232e+02
1.173248916581070773e+02
1.053339500551595620e+02
8.833624218287968688e+01
1.165268176628411538e+02
1.054013625825270566e+02
9.179783790094151641e+01
9.068304602118560354e+01
1.054339942312372784e+02
9.056601222826316189e+01
1.089729954239990946e+02
9.668797144269237265e+01
1.001671506561829261e+02
1.072356420473469711e+02
1.073654697668696940e+02
9.959373963596949864e+01
1.052115761264825551e+02
1.108319264427993005e+02
1.232811803105346087e+02
9.949015624359644505e+01
9.700130489198610917e+01
1.267670157897506442e+02
1.039829557328175440e+02
8.524012067383677049e+01
8.841057927315722509e+01
1.050684284968331070e+02
1.000613603725628167e+02
9.503873875401069427e+01
1.004273215724113015e+02
1.052611920056676524e+02
1.083673674470665560e+02
1.126485104157310388e+02
1.090945204117918053e+02
1.003249236433686065e+02
1.237580924369578952e+02
1.127204190879093204e+02
1.019197439806576995e+02
1.132976811866791849e+02
8.738268212797348156e+01
1.095055611492268497e+02
1.139857299666925741e+02
1.080983969849804396e+02
1.142952372268017029e+02
1.223676344859609060e+02
1.146283159197772932e+02
9.105960673030858743e+01
1.266911568630524556e+02
1.044216760057934437e+02
1.155190486050042296e+02
9.006577495995882998e+01
9.943890727550179065e+01
1.225481052839382698e+02
1.290874699360435898e+02
9.732469144631977542e+01
1.042001147980621454e+02
1.210951153384176848e+02
1.255260876326798893e+02
1.140025564999417611e+02
1.099802248090988002e+02
1.045496438135653676e+02
9.878021120322530635e+01
7.597760112335987515e+01
1.197009755045219777e+02
1.136029372563820061e+02
8.953889603026901511e+01
1.111756116277178705e+02
1.046230427248825094e+02
1.051672309247667272e+02
1.054839155986008024e+02
9.754428305563247648e+01
1.115606330440866714e+02
1.126827280374652673e+02
1.191722260732244223e+02
9.202547934875092039e+01
1.186300807548451530e+02
9.143244345246110072e+01
8.653324552859400853e+01
1.062797947450416274e+02
1.028050436955112588e+02
1.073865666400198648e+02
1.256428673537919281e+02
1.025611478866424164e+02
8.266906293083962964e+01
1.063075092862388686e+02
9.236748474532130615e+01
9.534749641316744828e+01
1.110364619525412024e+02
1.264334454968336132e+02
8.537595605866761161e+01
1.201947659952259073e+02
1.075468171351220121e+02
1.033171225687781600e+02
9.218661957573783639e+01
9.648010258009080076e+01
1.045889133102451041e+02
9.815385992161023410e+01
1.079119648275611638e+02
9.137299350186827951e+01
9.101303235692972748e+01
1.272711621206869239e+02
1.264791872875610892e+02
1.162637190298402743e+02
1.054548602788298979e+02
8.059535533943861196e+01
1.107104512056835262e+02
9.998682737084918415e+01
9.244675629401309891e+01
9.669984232064986429e+01
1.253358744443360706e+02
9.901309624184362690e+01
9.729708460027542571e+01
1.066340580013224724e+02
1.082489841827289183e+02
1.082719567703173027e+02
9.241301956385891003e+01
1.144500299796003304e+02
1.033297197037767319e+02
9.936659140183266459e+01
1.017010473083152817e+02
1.011545878794104709e+02
9.926279480650455866e+01
1.140212824194818921e+02
1.057199145371706663e+02
1.069972079727088214e+02
1.118500509317200340e+02
1.001655918349607504e+02
1.004827750091959899e+02
7.974285820055035856e+01
1.059414658666862437e+02
1.088307196539681740e+02
1.140549539203458806e+02
9.135815870480919898e+01
9.492066036689891462e+01
1.220970284002195285e+02
1.119125124120368469e+02
1.049521301674196820e+02
1.082368955443647280e+02
1.158061609824758165e+02
9.576145198416351434e+01
1.123855663840773929e+02
1.023197193416103801e+02
9.794615703683794550e+01
9.767458824533390782e+01
1.124442473089437442e+02
1.213922422277533997e+02
1.179646460185459915e+02
1.217529562169405608e+02
9.971459782253879212e+01
9.700245318778253534e+01
1.194507857569754776e+02
1.168930460346667815e+02
1.085098395383177632e+02
1.194777922208967738e+02
8.495646282574541885e+01
9.940976191759887115e+01
1.145930039742230946e+02
1.197362742872821997e+02
9.405504582096259014e+01
1.259314997085701293e+02
9.973936387191045583e+01
9.396781279652439878e+01
1.065918755801227178e+02
9.835019281238218980e+01
8.078691855341250516e+01
1.141074653124431393e+02
1.108878601768910670e+02
9.194983465089957519e+01
1.012736245372115889e+02
1.236815465084593058e+02
9.738546960598259261e+01
1.033764031858957395e+02
1.193572547446938756e+02
1.079177505696248716e+02
1.165416711111945745e+02
1.054702071072758258e+02
8.936188047767183207e+01
1.115492814018166143e+02
9.312231617560023267e+01
9.379469205832380396e+01
1.010317162873587336e+02
9.762694848117614299e+01
9.313662789665723096e+01
1.171867942500186786e+02
1.078250712378152656e+02
1.020794578462877666e+02
1.127112221349020018e+02
1.226428938786057614e+02
1.204364195403914550e+02
1.001096807111306219e+02
9.857545507259177953e+01
1.109644606151335182e+02
1.173459340254137260e+02
1.080519079427473343e+02
1.073942159306693753e+02
9.281386587509412323e+01
1.029829531973425247e+02
8.684445613318938229e+01
9.537270625934201007e+01
8.793960497311783797e+01
1.031249009646836896e+02
1.126592828054968436e+02
9.391737640373077056e+01
8.878821899417449970e+01
9.537850344005069303e+01
9.141025481719199774e+01
1.024643734087332376e+02
9.308931256568445178e+01
1.108647082370663526e+02
1.126003221321532521e+02
1.144228438818505680e+02
1.098440031908089054e+02
1.128494245973027432e+02
9.923690239207368791e+01
1.175900084003994124e+02
1.231492374579181615e+02
8.758306809433000240e+01
1.036570375365262890e+02
1.080764943225545096e+02
1.085858694532198427e+02
9.359258155272789281e+01
9.446268291440117082e+01
8.543289556558416109e+01
1.137532775174200737e+02
7.854968048912863310e+01
1.118322861580911223e+02
1.103571183606239856e+02
1.236508458427671968e+02
1.118412553941166294e+02
1.025419386932387056e+02
1.284951226368019093e+02
1.028367636968716283e+02
1.002291879466151414e+02
1.242882522784629487e+02
1.102988499553417796e+02
8.248402971086160562e+01
8.396019789703748870e+01
9.154884398722290939e+01
1.307046264080959190e+02
9.957305630113995676e+01
1.023710265780434412e+02
8.377280154618550512e+01
1.191401678933694797e+02
1.308641013899659526e+02
9.347336584375982227e+01
9.354839850377746302e+01
1.034085665499446520e+02
1.164261107734151466e+02
1.191523187786341538e+02
1.120232333745278623e+02
8.158267151979573839e+01
1.064400664224611006e+02
9.898716639007442097e+01
1.046243676884192979e+02
9.236050006464169826e+01
8.110971627545349349e+01
1.145928981458357043e+02
1.128452973138941218e+02
8.961796864088552184e+01
9.311436847719922127e+01
1.195421972795135162e+02
9.947914653790891748e+01
9.184200275561816795e+01
9.983589371291853354e+01
1.026306909736559732e+02
1.061250088118246850e+02
1.158058577538893132e+02
9.441294670616142071e+01
1.190654827130214812e+02
1.134330788793194245e+02
1.144663471855106422e+02
1.079956476264776484e+02
8.952642620266828999e+01
1.043057793180621786e+02
1.064858032724893064e+02
7.980948994080979730e+01
8.056307578441503381e+01
1.282317549251515061e+02
9.262416087039568424e+01
1.024956223384280207e+02
9.882942031981204423e+01
9.659759902956000133e+01
1.189308605210229928e+02
1.031629223974883587e+02
8.876295073835402150e+01
8.879408624308449305e+01
1.056301998487488731e+02
1.113488964876127909e+02
1.205836333228604502e+02
9.176786677103530110e+01
1.033736223348872016e+02
1.101308978294408405e+02
8.923967294692330654e+01
1.140036594543110908e+02
1.115650649070390017e+02
9.449017839457455636e+01
1.088702667985415360e+02
1.152624420231653062e+02
1.109080072563975818e+02
1.222650658328303024e+02
1.128303973732008672e+02
1.063428063432072008e+02
1.259802780819162109e+02
8.303468015213638864e+01
9.951123552093567071e+01
9.336991729338251389e+01
9.841457335244024307e+01
1.110658316717871088e+02
9.901022921537608568e+01
1.077093219455733220e+02
1.093257486641280849e+02
1.172582091509738405e+02
1.056511069845567334e+02
6.951775564179396838e+01
1.070343619989488957e+02
1.083019249941840059e+02
8.479964554267841947e+01
1.013512115085844414e+02
7.538609780678179106e+01
1.075795202576729963e+02
9.788579647772958481e+01
1.286414149110204335e+02
8.006754626124936181e+01
9.196076407337827163e+01
1.150515834495601695e+02
9.851345221294772614e+01
1.247842666204392827e+02
8.610454420703221956e+01
1.039088912839879129e+02
1.036702878268712311e+02
1.064157819873406368e+02
1.004509084353455819e+02
1.083681778854117681e+02
1.040709012128954498e+02
1.032776395716765450e+02
1.232441837835817324e+02
1.135113029157828350e+02
1.098189878249602600e+02
9.342409250794493403e+01
9.889554636133037491e+01
9.947076420143253017e+01
1.080584888205366667e+02
7.868179739533664474e+01
8.750194146557176111e+01
1.106470394073193688e+02
9.862571455630511252e+01
1.248249677304108047e+02
7.879405114392289988e+01
7.307304313893679648e+01
1.001322775655042534e+02
1.024944475059482016e+02
1.261420239297744246e+02
1.153549879615647740e+02
7.742490436257075714e+01
1.111643051163403726e+02
1.082504005795020419e+02
9.885185952318575175e+01
9.528693773653016308e+01
7.727289410271841064e+01
9.238109163657732381e+01
1.118527383886520852e+02
1.149661021238560181e+02
9.941480652007629715e+01
1.241445299766095616e+02
9.963237732596327589e+01
9.599425727052386037e+01
1.006854827165630155e+02
1.055448430531039179e+02
9.312553798554174023e+01
1.113419799388384632e+02
1.226920688032912210e+02
1.031481536595239987e+02
9.630896729930128686e+01
1.272941618900437959e+02
1.203352555246357269e+02
9.708803692581014388e+01
8.984580821341282331e+01
1.092631438825057302e+02
1.067854812736013344e+02
1.012220269916089421e+02
9.631704619540263934e+01
1.094583500617243033e+02
1.147473798241373828e+02
1.136192597648292519e+02
1.156657380906097075e+02
1.285780156337858102e+02
1.241009613470074271e+02
1.212036637068000573e+02
9.227827221112295319e+01
8.735551095747081263e+01
1.046603602758494276e+02
9.050082919216784205e+01
1.095556962184260215e+02
1.211857685003542997e+02
8.704264094614748615e+01
1.120371920109151205e+02
1.014050243092261354e+02
1.038299524228485069e+02
1.051163954623585255e+02
1.041768222811801223e+02
1.051155229269108560e+02
9.782918136392358122e+01
1.013298454639913189e+02
9.834086256736372889e+01
1.104155790895187010e+02
8.566699104914980012e+01
9.710375638559717970e+01
1.011145283740930694e+02
1.036481384987398684e+02
9.423814090531976717e+01
9.041089584176644678e+01
1.065220276065597886e+02
1.094939536938119744e+02
1.079266065640991457e+02
1.125457574294130865e+02
1.332157652884085621e+02
9.210888078266064838e+01
1.066932979524061835e+02
1.213611617867197054e+02
1.110625001077306706e+02
1.027033330811482728e+02
8.519717493075376069e+01
1.117976030261208393e+02
9.052000526657971591e+01
1.028311330423402410e+02
9.156395267350080758e+01
7.943083007378571381e+01
1.112626471118065012e+02
1.206237725913370014e+02
1.055668194966389137e+02
1.076827988640893210e+02
1.040899366408526419e+02
9.866570275192160011e+01
1.090548200941463364e+02
1.085232762660929211e+02
9.853645903867572997e+01
8.629219996245494428e+01
8.934592970364300868e+01
1.199038860942610825e+02
1.020900834524508980e+02
1.271151803526672524e+02
1.189814862849794537e+02
1.006823703150497380e+02
8.576427101984674550e+01
8.874623494066774754e+01
8.916943954487545909e+01
1.150681004260968479e+02
1.154852635272220738e+02
1.274271659182824834e+02
1.118788409437007090e+02
1.199515307247848170e+02
9.705163523087516353e+01
1.049006572018619181e+02
1.016032635586201138e+02
9.837093070244365833e+01
1.006146081979887015e+02
9.713627077345248040e+01
1.191781840001374775e+02
1.061855015617331333e+02
1.003268390332860207e+02
1.110659597930813334e+02
1.114009958144553565e+02
1.121114096905865125e+02
9.172005941353772585e+01
9.682191760407660297e+01
8.926090316763310284e+01
9.887217715703587828e+01
1.148104811603759288e+02
9.825905025585194608e+01
9.277111718274029784e+01
9.951100257682000461e+01
9.929553745188286484e+01
1.080550467704191959e+02
1.191997903565359564e+02
8.983039334251658659e+01
1.203113328956958981e+02
1.039631358464346533e+02
1.234414714750230502e+02
9.174730111111138342e+01
1.133862958326587176e+02
9.618918581196882656e+01
1.098341510619909513e+02
1.121630165599101332e+02
1.258576954669522792e+02
1.103497105661063813e+02
1.124809341062162105e+02
1.219654193785797816e+02
1.092162155518628168e+02
1.105089386987474143e+02
1.182934779104611636e+02
1.054864919655670548e+02
8.337663921840864134e+01
8.443600551572920665e+01
1.171786160783305064e+02
1.080338542332823124e+02
1.031849769240988621e+02
9.925245046714306341e+01
1.108807891773966787e+02
1.080258026407387320e+02
1.268090603852403007e+02
1.021541434748731376e+02
1.060508222703317784e+02
9.708534050661255321e+01
9.367130265827985625e+01
1.256042088142390298e+02
9.326767450809926174e+01
9.751719019327570948e+01
1.127414462906319130e+02
1.194369782113587917e+02
1.045366709388414108e+02
1.047869970900822238e+02
1.006833252019166594e+02
1.183230613463640424e+02
1.210043303212098635e+02
1.140771273991434782e+02
1.385866302832892529e+02
1.018271651411231460e+02
1.286935840633537964e+02
1.102160840734190685e+02
1.007509389313409400e+02
9.709791197599231793e+01
1.253838236243034174e+02
9.705328002150623945e+01
1.116968237768010681e+02
9.315905435410219582e+01
9.436688034788916468e+01
1.168323098562051285e+02
9.013130255453756945e+01
9.752436045159019784e+01
9.906985270550950418e+01
1.039684104092291506e+02
1.116421355808512033e+02
1.200760763576101340e+02
1.159953831776640243e+02
1.141503319485643146e+02
1.066908816422863140e+02
9.889360337341634022e+01
9.784785781679053684e+01
1.026196671629088399e+02
1.198443234090967451e+02
1.141976600006073852e+02
1.082191298550252583e+02
9.546583339466113216e+01
1.155434668011957484e+02
8.942015340288224934e+01
1.021714353525734253e+02
1.005276751196389995e+02
1.094788479390491744e+02
9.560489151643346872e+01
1.168714752506869274e+02
1.028480317591212412e+02
9.565429079502952447e+01
7.757516894559125831e+01
1.183053786642460921e+02
1.090267509453060768e+02
1.157602068159994531e+02
1.001607449457809906e+02
1.035152283251023420e+02
1.159492467854640694e+02
1.302833514814253704e+02
9.456518213325661293e+01
1.176004571152597009e+02
1.096031147673843975e+02
9.045767904439904328e+01
1.183575982652604637e+02
1.009362570368513872e+02
1.016473261304225417e+02
1.056472239686291061e+02
1.065785697095003428e+02
1.120652021428157070e+02
9.335689070690672509e+01
1.098220873179463837e+02
1.124433122989893548e+02
8.891169219895623144e+01
1.044935346975023691e+02
1.162445811686191348e+02
1.009416455009073843e+02
1.125851039416051691e+02
1.035374014834561223e+02
1.046888399254079047e+02
9.516709068549305073e+01
1.240334981825027398e+02
1.121600089789982206e+02
8.257321366413492569e+01
1.085927520272217350e+02
1.019135556549055224e+02
1.138133913371288060e+02
9.956193968667062677e+01
1.036775152545635024e+02
1.106687568410304010e+02
1.170255598884426149e+02
9.708785067977314043e+01
9.584070400960085578e+01
8.500575132701065684e+01
9.676974484788706832e+01
9.828085248897211557e+01
8.994271159111211489e+01
1.137468952707208132e+02
1.043794425969329893e+02
9.895311344920607155e+01
1.201876298954190645e+02
9.335232075701124188e+01
1.246375431512997238e+02
9.591291668755870603e+01
1.099170664607958656e+02
1.203885283600099712e+02
1.103438250989273399e+02
1.102472291647717100e+02
8.949835111273512211e+01
1.027647952446889406e+02
9.006413817128739652e+01
1.090290073010783942e+02
1.113285712587027660e+02
1.175699654121890347e+02
1.090750045129826020e+02
8.560150976049835947e+01
9.736033833963165307e+01
9.973489682702387427e+01
9.660875473832173554e+01
1.115073512504743718e+02
8.934844720275552277e+01
1.026451403069841035e+02
1.058247120953476497e+02
1.123817004388652663e+02
8.361832197459678184e+01
9.724488182494772559e+01
9.822642317983134319e+01
1.016462675180578685e+02
1.047543762861522794e+02
1.041377141015713619e+02
1.072961103989206464e+02
1.142846643669353028e+02
1.152352580122792602e+02
8.984805469487076834e+01
8.863272105190108618e+01
9.490926528175620547e+01
1.156394110433145954e+02
9.680351855738148004e+01
1.139556012078391518e+02
1.199254575770552265e+02
1.235590495770784543e+02
9.416266474015108656e+01
1.049011336178421487e+02
1.008479053576968312e+02
1.160907716134061758e+02
1.093486643423054971e+02
7.921529114568001262e+01
8.711591391210635038e+01
9.162021445648137785e+01
1.222814994617064315e+02
9.113165921120514668e+01
1.118059713757638463e+02
1.077427289565295183e+02
1.032952578157037635e+02
1.147326627408319837e+02
1.047347956603613426e+02
1.169900719137954468e+02
1.075729406568127757e+02
1.042313161717329137e+02
1.118200274548652686e+02
1.055013350045256573e+02
1.206092610335410882e+02
1.116115528503462855e+02
1.260879978549611451e+02
1.098708106538820033e+02
9.306551748282289793e+01
1.079523706695463972e+02
9.612229871749039489e+01
1.037914624299771589e+02
9.497364160757120999e+01
1.041034336337168185e+02
1.134027424562987534e+02
1.021458016668466655e+02
9.360068076287052463e+01
9.628389645432920929e+01
1.203920841168701230e+02
1.096235366175695276e+02
1.087687577927382137e+02
1.013681366664311554e+02
1.201215603118703115e+02
1.047059106896907679e+02
1.156951009075503691e+02
1.223101577825998589e+02
1.010327521257375025e+02
1.075338989529039537e+02
1.001062668147113044e+02
1.253881347084816156e+02
1.025761082856115110e+02
1.217307045612332104e+02
9.471595412885450571e+01
9.035853818417916727e+01
1.110898696275342559e+02
9.689853994324731445e+01
1.072603219626965796e+02
1.082208098241244869e+02
1.088194599945314565e+02
1.025732583745592024e+02
1.060395735517403040e+02
1.050106174183111563e+02
1.070920756633386617e+02
9.759666766721737474e+01
9.367969383649173665e+01
1.052257668801452013e+02
9.022398597236345097e+01
9.043609774887457320e+01
1.228301372901068902e+02
8.308442959673851647e+01
1.070975913018121304e+02
8.264826646740905858e+01
1.086020941770022716e+02
1.038483377256394107e+02
9.229768937400010032e+01
1.057115158619448181e+02
9.768379228054369889e+01
1.212288208973374708e+02
1.100009970734910496e+02
1.050489323619101754e+02
1.068997776786214899e+02
1.166778629142068553e+02
1.000423373223181756e+02
1.024490233922187770e+02
9.847645616474878238e+01
1.021092875844849033e+02
8.979939481707576476e+01
1.179451900648736427e+02
5.655504830214776746e+01
9.705094001014926164e+01
1.072833933007195384e+02
1.038201378471471088e+02
1.010248334411382274e+02
8.201636128560664929e+01
1.273278522150635581e+02
8.984590956322178101e+01
1.048713983635152118e+02
9.116250217197460870e+01
9.591821524665358822e+01
1.178136139284845569e+02
9.756207828005366878e+01
1.251250409095548832e+02
1.194246984185645033e+02
1.281855482885165145e+02
8.124208396629842355e+01
1.130605303006077520e+02
8.562119703793354120e+01
1.191244625638721715e+02
1.078166286630027741e+02
9.444798443263442778e+01
1.099626830649618938e+02
1.295250667882852724e+02
9.735227581182057577e+01
9.813528735911303613e+01
9.066018995422726334e+01
9.995931081323119827e+01
1.121506104409766493e+02
1.021047678923036699e+02
1.036946732845853489e+02
1.062225084977244904e+02
1.155977179975974138e+02
9.346744733927934590e+01
8.604686340143314283e+01
1.010553306717743709e+02
9.555072454302050744e+01
1.046544682691050241e+02
1.123541639050020251e+02
1.030899665834788550e+02
1.116141059549235877e+02
9.604892167137555248e+01
1.103837357616291683e+02
1.086333508254184892e+02
1.263568553051007939e+02
1.295519951618617824e+02
1.282174792928141187e+02
1.170449513419122098e+02
1.205024119564675971e+02
1.207975368474615863e+02
1.449831230534612132e+02
1.211427065156347567e+02
1.147073172548126365e+02
1.113072418526163290e+02
1.066716472396178830e+02
1.193320195418152565e+02
1.068403835352785336e+02
1.009947957734067643e+02
1.234883466159519827e+02
9.461004379606706038e+01
1.318589958182202508e+02
1.063431999286868006e+02
1.126959171193191622e+02
1.066120321006913514e+02
1.172916078694665316e+02
1.398711861255594329e+02
1.159987210988617079e+02
1.029709619471300783e+02
1.001697115099632782e+02
1.151440171651860567e+02
1.380687200929297376e+02
1.105823778958101400e+02
1.295475006376274791e+02
1.281247308704910495e+02
8.312252189150552795e+01
9.528354418407707271e+01
9.886891477411073481e+01
1.130671371014586697e+02
1.041110392131812716e+02
1.215027446183245416e+02
1.073400450659221121e+02
1.115774784274597948e+02
1.028983838356118099e+02
1.188749833842385897e+02
1.186032281336719905e+02
1.257446627382696960e+02
1.223260044081257121e+02
1.268283267932348792e+02
1.343061046669857035e+02
1.062615847717871276e+02
1.074042633475256139e+02
8.620681591466720306e+01
1.003723131653823231e+02
7.801650642742730213e+01
7.925323421435099647e+01
1.120986979147761673e+02
1.185077485776990045e+02
1.148419150315020403e+02
8.389297458305374278e+01
1.224699119087139678e+02
1.348201441510216512e+02
1.283458781636809647e+02
1.020624516932512620e+02
1.247222380141165559e+02
1.118915542155678224e+02
1.331014430215999766e+02
9.211671665615541826e+01
1.266949161911230419e+02
1.039692956160447039e+02
1.057835291459663978e+02
1.142457398092614511e+02
1.102593790144622119e+02
1.040214917819528040e+02
1.211463721270015270e+02
1.130901002412103651e+02
1.296577439747154870e+02
1.314566659108647286e+02
1.020735921768704486e+02
1.312312702545452510e+02
8.133234353371322811e+01
9.364424064476649789e+01
9.928373873685794138e+01
1.096146603039153575e+02
1.254182249176337365e+02
1.111859453265011553e+02
1.129800528938532977e+02
1.193026274685331174e+02
1.158272807082383622e+02
1.269977783313606494e+02
8.664476968172698435e+01
1.124548140523539530e+02
1.140094699301461532e+02
1.473327506763457109e+02
1.387953430915522404e+02
1.314933252170905575e+02
1.026723243318873671e+02
1.114165991868716503e+02
1.386853240448492670e+02
1.174678618343649958e+02
1.022561663917401802e+02
1.264029183707964705e+02
1.078503005805567909e+02
9.439641368362393337e+01
8.814316582607429496e+01
1.035412642036663868e+02
1.418750480762747657e+02
1.146684648962585840e+02
1.100565786401187722e+02
1.290608955542263914e+02
1.075832553996146288e+02
1.148051864759020475e+02
1.100896095216096882e+02
1.118489458319063488e+02
1.340151892962420277e+02
1.303437879017361922e+02
8.845115804518771085e+01
1.172954116048056363e+02
1.228553106021891352e+02
1.117933513388521902e+02
8.030392705534187314e+01
1.070995655087086504e+02
1.163708665224187229e+02
9.784340202547826948e+01
1.031397644404840861e+02
1.001434871393308157e+02
1.116568464572973198e+02
1.106496283618786833e+02
1.145637959141368469e+02
1.059231185999098415e+02
1.053698427993795121e+02
1.067506021109713146e+02
1.145097900533516793e+02
1.087030856386107871e+02
1.072713675928901154e+02
9.681095111133245723e+01
8.297535089356708227e+01
1.268486442504038081e+02
1.273066666810070160e+02
1.153334491562638675e+02
9.073484825966836809e+01
1.070034949133577129e+02
5.502922149302084165e+01
1.062240366187998006e+02
1.108091192038330206e+02
9.326289108478880507e+01
9.837216473748114254e+01
1.064687941632598296e+02
1.036682012019140871e+02
1.276112270562036457e+02
8.911285727512463950e+01
1.032791463257964466e+02
9.988652915507078944e+01
1.170320846366684293e+02
9.364068449108083314e+01
9.374645943007718074e+01
1.079602179242088340e+02
1.205820424543961877e+02
1.308827866553553179e+02
1.445146506708329923e+02
1.217750406293682488e+02
1.061295416200246393e+02
1.388639272832383540e+02
1.040182933332325916e+02
9.211956501199695424e+01
1.036692141625576511e+02
1.191451523901378948e+02
1.143067075691609347e+02
7.081182182282090309e+01
1.161735156110359384e+02
1.238908166400622690e+02
1.113298493084007816e+02
9.425500701786067737e+01
1.093026024511583785e+02
9.618716601245402842e+01
1.286625802544770067e+02
1.043168162742794749e+02
1.245142378476840577e+02
1.171537184820719943e+02
1.068786383126980866e+02
1.137559908825642054e+02
1.007603301390406187e+02
9.093387799456110088e+01
1.378694326237761629e+02
1.089433983311561889e+02
1.238380401971485583e+02
9.132585494234405132e+01
1.356191085129562168e+02
1.124799315822221075e+02
1.307215357881593718e+02
1.308805100582871432e+02
9.863337904618973084e+01
1.324485905700315129e+02
1.122299928110918046e+02
1.065259528406123053e+02
9.190516835583805744e+01
7.631360672371174303e+01
1.280616150587915456e+02
1.220125483347285495e+02
9.843273205837704154e+01
1.106361234412520105e+02
1.087827688012626055e+02
1.162768676780035690e+02
1.012472500005733025e+02
1.197797523505610258e+02
1.144842565339500595e+02
1.141845180016744763e+02
1.171934183605090993e+02
1.145911661695923414e+02
1.245336971820427863e+02
1.024532492215188455e+02
1.371125739254497944e+02
1.152610579047801593e+02
1.003177733995759269e+02
1.224517208093792249e+02
9.899908306931638435e+01
9.912298412328246400e+01
1.268065034325008753e+02
1.070185475898951069e+02
1.128619006853711255e+02
9.201986261747281048e+01
1.174587869278540779e+02
1.479547319009977002e+02
1.235480623794585995e+02
8.978011461370084589e+01
1.172286330227354085e+02
9.903093801126246376e+01
9.823963810442702993e+01
1.089433849428777705e+02
1.110405983729715018e+02
1.036624821527148868e+02
1.260873720528226585e+02
1.061172617910180946e+02
1.362847226188826539e+02
1.369043158506155464e+02
1.173257065943377029e+02
1.296665151186708727e+02
9.353949003784953220e+01
1.036635643506799056e+02
1.237913791996192998e+02
1.188252928196839804e+02
1.058279047978705592e+02
1.122391714773116149e+02
1.285404704462294205e+02
1.161703250424854872e+02
1.343230105737630424e+02
8.682265934842973820e+01
8.717998205973852066e+01
1.267167675490271819e+02
1.003778967442191288e+02
9.045785961835005651e+01
8.980867801001652140e+01
1.081588175368330553e+02
1.030498227087393275e+02
1.095414526428930344e+02
1.324914804084278330e+02
1.052328418722849364e+02
1.161280595781831977e+02
1.241544004330849873e+02
1.223592225791674366e+02
1.220448665956264449e+02
1.045616341053988094e+02
1.268062834555599068e+02
1.082184674350964997e+02
1.093082822935757434e+02
8.854700336352574652e+01
1.194573018029655316e+02
1.162176528237445439e+02
1.177380435343695950e+02
1.248736189744998200e+02
1.289664704207654324e+02
9.411332213319199980e+01
1.143474233168736163e+02
1.079008317553542327e+02
9.877888744850268665e+01
1.178992684302808982e+02
1.164795765742351676e+02
1.139453006626470852e+02
1.196147252581041442e+02
1.035547899944191954e+02
1.259731965089955565e+02
1.172846487575097285e+02
1.054600357832003681e+02
1.353620216239194747e+02
1.304491156775303864e+02
1.134187189160126650e+02
1.170757381577350174e+02
1.274520315172314895e+02
1.069272900648943505e+02
1.249476130216782366e+02
1.105345912518900775e+02
1.023745043469932199e+02
1.312431128967277232e+02
1.081692306892370112e+02
1.189996172071220997e+02
1.115835210985935930e+02
1.244840789876355984e+02
1.203413000547622715e+02
1.019193867149190282e+02
1.020274666185664927e+02
1.115638272303466749e+02
1.161274361267252573e+02
1.183270342422113828e+02
1.044782527913194627e+02
9.132972647554387891e+01
1.353725932496263056e+02
6.186491097367732550e+01
1.205028956077239712e+02
1.195862727003219419e+02
1.093240395244029770e+02
9.808608291064994944e+01
1.343638838118819478e+02
1.176241298247584695e+02
8.986192783528643702e+01
1.028211953331057771e+02
9.659353374421735339e+01
1.099469621031987856e+02
1.315811083458170572e+02
1.341329811803911696e+02
1.212656029177666994e+02
1.099506411830001440e+02
1.170138306450822085e+02
9.980814477140674512e+01
1.311415942521624629e+02
1.431086414435020231e+02
1.200823420215107973e+02
1.308065257125914513e+02
1.346627067597359542e+02
1.174848447664649314e+02
9.807817811997844615e+01
1.011121555269339751e+02
1.196531552842687915e+02
1.178840378397193831e+02
9.770148053724746262e+01
1.428120306377710733e+02
1.130143706586349168e+02
1.182976011314927121e+02
1.153973149504898998e+02
1.116845344686051078e+02
1.105064046518683938e+02
1.266330904463995779e+02
1.052649450572121879e+02
1.123027053706671836e+02
1.033595052714655793e+02
8.959119194764492988e+01
8.294765921962367372e+01
1.445199324111551391e+02
1.074269508471345489e+02
1.166853205909075939e+02
1.321382275104648159e+02
8.026126763219622262e+01
1.154339198348730804e+02
9.962913571552610392e+01
1.115672797565767098e+02
9.802487442038605536e+01
1.347094271870186901e+02
1.275687106494244745e+02
1.232779175483440213e+02
1.232774329653530145e+02
9.177248499867381781e+01
1.241065320347312166e+02
1.185748242348911674e+02
1.326517812840025670e+02
1.218670783122258712e+02
8.214098833958847479e+01
1.112381877700038331e+02
1.283806139473258270e+02
1.012341053875671264e+02
1.108927685067653357e+02
1.319911173591909517e+02
1.254488260858428248e+02
1.129340221873775931e+02
1.014875170889474134e+02
1.316586158074268269e+02
1.274981472567492204e+02
1.207345644713387429e+02
1.182302983978956661e+02
1.108873403995532954e+02
1.019541628868520178e+02
1.267604483782544094e+02
1.117935683797080628e+02
1.229736457025681062e+02
1.072985339135775149e+02
1.166471520975203902e+02
9.848836864743560682e+01
1.043393214007397205e+02
1.043980262612483045e+02
1.256247617618930832e+02
1.106217485856855802e+02
1.200959782597549008e+02
1.508377675042292196e+02
1.070565956612373668e+02
1.099033892907130223e+02
1.320646030462412455e+02
1.042967871054846682e+02
1.207027925615132062e+02
1.172182502945415763e+02
1.091542623065392377e+02
1.246600631951241525e+02
1.040904549959832224e+02
1.130740665559598881e+02
1.097293280418018924e+02
8.075404269611928498e+01
1.390395796292615387e+02
1.066948283234897019e+02
1.156446334345411913e+02
1.206069574145784742e+02
1.190158740643719284e+02
1.088361857817279059e+02
1.352203559275657767e+02
1.014944922782993331e+02
9.846916390571665545e+01
1.107246963377071722e+02
8.439582512429994665e+01
9.189046850052986315e+01
1.157338763853228443e+02
1.082042863621958020e+02
1.213837302111233356e+02
1.160589368575623297e+02
1.310030213708396332e+02
1.227020868258100137e+02
1.086946432696391867e+02
1.186829965150018893e+02
9.918852722047500947e+01
1.355863431152081375e+02
1.267560123358052238e+02
1.032143471787694153e+02
9.308406056306181142e+01
1.213838752687051681e+02
1.032961919014943106e+02
1.257757307871977019e+02
9.748803360405440799e+01
1.256195194412305938e+02
1.223900853474547006e+02
1.288620700163358208e+02
1.132074307097478112e+02
8.700791159348547410e+01
1.056366402213714082e+02
1.071619874573445514e+02
1.037942202223466950e+02
1.048973871684982413e+02
1.263937685634606680e+02
1.105104366465228622e+02
8.848787954999937710e+01
1.180182311014920771e+02
1.190106874232678962e+02
1.042102896050451335e+02
1.182996824414180992e+02
1.381613984453906596e+02
1.001314365705043627e+02
1.337407584520287855e+02
1.228703908216289022e+02
9.577493459963629618e+01
1.066075419504764739e+02
9.904339539489738797e+01
9.362855000565450325e+01
1.178864534273778446e+02
8.918826508627830663e+01
1.158937717128140292e+02
1.206372020214404017e+02
1.182534595961760289e+02
9.509310794439295478e+01
9.922116909795484219e+01
1.107770175268075690e+02
1.063605646986446658e+02
1.217712899518106298e+02
1.207859247916413210e+02
1.018091423049112905e+02
1.174666932898613396e+02
1.483204278114050965e+02
8.644425216389402067e+01
1.211687563551251543e+02
1.442255891102226428e+02
9.073855395467202811e+01
1.036760317636015003e+02
1.183109432175898945e+02
1.294570575728151596e+02
1.071054004741224901e+02
9.038960959036211307e+01
1.048327169648438257e+02
1.110309281987733385e+02
1.049321819832243960e+02
1.325110173251280514e+02
1.276547348298864506e+02
1.201911604321680187e+02
9.499650812811464107e+01
1.480499798965160778e+02
1.088974497849387291e+02
1.004174096050230816e+02
9.338323272853952517e+01
9.803146990294335694e+01
1.128259090601180787e+02
1.186125751117472618e+02
1.074781579152822673e+02
1.290945772277410413e+02
1.128358461918306261e+02
1.115665972110385269e+02
1.408663225854166683e+02
1.433683096348435129e+02
1.201514732974412141e+02
1.076528923165614060e+02
1.153988623546824499e+02
8.410683577316351034e+01
8.378075943650213731e+01
1.151447307953581429e+02
9.928992744760374478e+01
1.261273907631287017e+02
9.251650768204019926e+01
8.581221524099353815e+01
1.003607295711808973e+02
1.091469131128418724e+02
1.256922041067245743e+02
1.351895061538945981e+02
1.127888188988984126e+02
1.300451595568611083e+02
1.224168745649625691e+02
1.382880921969364181e+02
1.251462101220143097e+02
1.171479111777302791e+02
1.219411261431148006e+02
1.247880098273360119e+02
9.038261264298718345e+01
1.161678455989669203e+02
1.200330665587720205e+02
9.409113856668649589e+01
1.065034045378444461e+02
1.118733643753027707e+02
9.997282303504982792e+01
1.131519938293106833e+02
1.066376668906595171e+02
1.194290249887421851e+02
1.031390745281366748e+02
1.308580602889412603e+02
1.270677694330822902e+02
1.045528843613523691e+02
1.011059909522423794e+02
1.431311849684240656e+02
1.081761202784051648e+02
1.054454750706981088e+02
1.328500739018106742e+02
8.952464583529210529e+01
1.011566335755508135e+02
1.340012111406657027e+02
1.345958952514330633e+02
1.045674420940305538e+02
1.164301135238260940e+02
1.042898725782212921e+02
1.132704426269334732e+02
1.210106398617456591e+02
1.203285307551738725e+02
8.785481681925307385e+01
1.277282935729326567e+02
1.031190803966060230e+02
1.198308022816291327e+02
1.132186812860690850e+02
1.061724510041148761e+02
1.014973567370440009e+02
9.823125094310695715e+01
1.200223030182991977e+02
1.074681469396486477e+02
1.098826389748532506e+02
7.782725697291384392e+01
1.241975631033565293e+02
1.042995964270862999e+02
1.021864317111484013e+02
1.205766260140433275e+02
1.230073929897094160e+02
1.058612604129420873e+02
1.382746236453852759e+02
1.017270741539423113e+02
1.321482676390031088e+02
1.265841260930071286e+02
1.191256625498781005e+02
1.267235850177214047e+02
1.177692153030048416e+02
1.265256121094176223e+02
1.084992962858115817e+02
1.023544404708446933e+02
8.376946051903651380e+01
1.308513984313372305e+02
1.227908742177291259e+02
1.133337273692086029e+02
1.068295838864479350e+02
1.124229674873290179e+02
1.007172856117684887e+02
1.189336728094014575e+02
1.137048113533185472e+02
1.069621544779585918e+02
1.199300284301914274e+02
9.161561038664046919e+01
1.320955557974620831e+02
1.140304294592572063e+02
1.266807970906728826e+02
9.119664753086304643e+01
1.058123503332183617e+02
1.197391115228276561e+02
1.363081834710546616e+02
1.201770568716418808e+02
1.183369830687681912e+02
1.259916957635553842e+02
1.318498590456948705e+02
1.068409973762273495e+02
7.394314829214300744e+01
1.500799857401691497e+02
1.023603371115436005e+02
1.204092800527668317e+02
9.669865830475245616e+01
1.159805964330675749e+02
1.155204741878908976e+02
1.286766719817687488e+02
1.310282309072198643e+02
1.082085567811573696e+02
1.002309438114879185e+02
1.239111291520103748e+02
1.181293603814918356e+02
1.066226042138083443e+02
9.956206241712079930e+01
1.065080713102970407e+02
1.391354795008597875e+02
1.444603457603034826e+02
1.156223908446743565e+02
1.042083632966106990e+02
1.201254113234390957e+02
1.015706256583315792e+02
9.987636889760489112e+01
1.287284870999376096e+02
1.375003456443152743e+02
1.053958197423617946e+02
1.225756763978506285e+02
1.343845000242434935e+02
1.040764710764485415e+02
1.164389656501384849e+02
1.198126088651074355e+02
9.752031525163083359e+01
9.544229196671852833e+01
8.400867511427145473e+01
1.340026535174272908e+02
1.406224791374801839e+02
5.662248635570864508e+01
1.051255855083271626e+02
1.187934489648471299e+02
1.315567631818991856e+02
1.407242579600718102e+02
1.037692039260142280e+02
8.895603294491399993e+01
1.232733210891477427e+02
1.007532636495532046e+02
1.244345800795823465e+02
1.177470544981907636e+02
9.991421254066702318e+01
1.177644967529867159e+02
1.222323176634503454e+02
1.225320570743253512e+02
1.346527527044181340e+02
1.033256854173322097e+02
1.161469302400498975e+02
1.190519743062647251e+02
1.057302851918987017e+02
1.179321541674685818e+02
1.029987746231580132e+02
1.267547260222661123e+02
1.153033255565202779e+02
9.426055728332559625e+01
8.808590045593652462e+01
1.095003904466080655e+02
1.365864813781774671e+02
1.221366764865654773e+02
1.441182649022130420e+02
1.115911071015830913e+02
1.224752268662281978e+02
1.415574169882925446e+02
1.275496005887712556e+02
1.194055685260240409e+02
1.099415895503481835e+02
9.847616466733020957e+01
1.014052847577826242e+02
1.127542986032148917e+02
1.310566840360796448e+02
1.097551482675593917e+02
1.033425848599184320e+02
1.111605842744593957e+02
1.251307485907215238e+02
9.988056237118840386e+01
1.198272694158115002e+02
1.028869954934996116e+02
1.185728407925025323e+02
1.060485438917124554e+02
8.444579500296482877e+01
1.091488876997603512e+02
1.444901661053680755e+02
1.125427410165946043e+02
1.039323135418077300e+02
1.056594099726345348e+02
1.210606663980225335e+02
1.209836081533553198e+02
1.048162586805465395e+02
1.147683526513302752e+02
1.463075316473752991e+02
1.175266064289165939e+02
9.818852821225470962e+01
1.217203276807693726e+02
1.186600623915378634e+02
1.011966980231848225e+02
1.229064849490330715e+02
1.010412841899068752e+02
1.000288048297336871e+02
1.186316692191716413e+02
1.170661836841559165e+02
1.196296141906032631e+02
1.123882356892501093e+02
1.213790835241104418e+02
9.835714934200888138e+01
1.090973593043425467e+02
1.216386446893279327e+02
1.319019833142491791e+02
1.270919385471342764e+02
1.182205546425223730e+02
1.127723569010312303e+02
9.598990715736184143e+01
1.227133448697189237e+02
1.061103734839565789e+02
1.263506367129193535e+02
1.113415201103639163e+02
9.086904868481771302e+01
1.160807438114854051e+02
1.152662102634479027e+02
1.416138364076165601e+02
1.209592570436803243e+02
1.147181526040394886e+02
1.168770913633247517e+02
1.233770976546140474e+02
9.829905989046443437e+01
1.043455540405259825e+02
8.513408349057995395e+01
9.822276456961398594e+01
1.196552596265866555e+02
1.095696233905451180e+02
1.032151844976559971e+02
1.012228206913525241e+02
1.215291032560022586e+02
1.236764626889278418e+02
1.134389529415087310e+02
1.317002452401566757e+02
1.201731077896248365e+02
1.224968945816114569e+02
1.212006400162872097e+02
1.073937625646750575e+02
1.026745740395976298e+02
1.125018645403691835e+02
1.205740731896179341e+02
1.247980446166697277e+02
9.526963920692500665e+01
1.146297111211026447e+02
1.277409498353863881e+02
1.366176046634245722e+02
1.054654241618011952e+02
1.146205300428852212e+02
1.297234700917336170e+02
1.192502463617782951e+02
8.867405576494442698e+01
1.335311591875861836e+02
1.335180094766111267e+02
1.040930156624802834e+02
1.183404001841941522e+02
8.545654438724375268e+01
1.159546549074331097e+02
9.390674641767481035e+01
8.546068134143256145e+01
1.329099387066376607e+02
1.408228486312013104e+02
1.093572953819679014e+02
1.268805156308282420e+02
9.288766524420884707e+01
7.816717579337533550e+01
1.329328269000812668e+02
1.116396728713225315e+02
8.634716299955221075e+01
9.754236906842034216e+01
9.706631059838770170e+01
1.127057037915774487e+02
9.987874891260096888e+01
1.231073140701134463e+02
1.338057659536223980e+02
1.161377272417789186e+02
1.348764607747968967e+02
9.970726025055456887e+01
1.128754320474291859e+02
1.468262215568580302e+02
1.413914343106932563e+02
1.167175171336263588e+02
1.134440020661745905e+02
1.465143670891196734e+02
8.523003557392392793e+01
1.255902170567138540e+02
1.136185208804199931e+02
1.107624679051282186e+02
1.107303235061237103e+02
1.081798953667625653e+02
1.391703213156278593e+02
9.841317967998256222e+01
1.073445337115444147e+02
1.272482108264112952e+02
1.073582508899963415e+02
1.075158206416192854e+02
1.159309537809723167e+02
8.925530926687427780e+01
1.183001465904718543e+02
1.163825822384685011e+02
1.200425756589625053e+02
9.810718927842890480e+01
9.459491308644859942e+01
1.016704643346801618e+02
1.040813142345031679e+02
1.026291015974975664e+02
1.246651537401303216e+02
9.993411003446934160e+01
1.003793213074998079e+02
1.058579736581601622e+02
1.020417498625017600e+02
1.161054798615395214e+02
1.100946332211831020e+02
1.044170076285629563e+02
1.138003982791586850e+02
9.446727732631256913e+01
1.089417428769394576e+02
1.093758112020847335e+02
1.113352089569523855e+02
1.346832004835041801e+02
1.192092709805628914e+02
1.287855714361205628e+02
8.214807647481849529e+01
1.022221936721811915e+02
1.147350925347840160e+02
1.387898723790273436e+02
1.203950581647283684e+02
9.807432662671727996e+01
1.159901863567459657e+02
9.099330611518267631e+01
1.163021335777561660e+02
1.184255549449094360e+02
1.297164182593564590e+02
1.043886593053127996e+02
1.207404573837061292e+02
1.000716939209776513e+02
1.362898458788216942e+02
1.158709803210781644e+02
1.062192073205215763e+02
1.511952263989478524e+02
1.166193218668179554e+02
1.173434252476195638e+02
1.399289562481165490e+02
1.556163844327608388e+02
1.239209870957074600e+02
1.098251595297460170e+02
1.196478395901076652e+02
9.115707513964821374e+01
1.182417888490547710e+02
1.094095421485278337e+02
1.107787791864596585e+02
1.018008291042877147e+02
1.201264216048075610e+02
1.238636493857581655e+02
1.256216593536637731e+02
9.828771237535777061e+01
1.466588600723491140e+02
7.819404930093871542e+01
1.169728730892924915e+02
1.016354269981216447e+02
1.154213305160854048e+02
1.106205674478871970e+02
9.692222280752888253e+01
9.526875015551955528e+01
1.122723754264595755e+02
1.252703474560656502e+02
1.139167705775662682e+02
1.285945400923310444e+02
1.315024585265731218e+02
1.284903650424870420e+02
1.234101974471966798e+02
1.350363484328454149e+02
1.130977059901226340e+02
1.469836898175800002e+02
1.204186374972703817e+02
1.254661360646262125e+02
1.180913629013957262e+02
1.052054038193927852e+02
1.237065883273753286e+02
1.291431249510941939e+02
1.167296489900525955e+02
1.038242405591904998e+02
1.370843419700879906e+02
1.340224758747191913e+02
9.443054331558120396e+01
1.152248555277544710e+02
1.123261356930628239e+02
1.182712823468148429e+02
1.168969338490411900e+02
1.262443703421325552e+02
1.170967933061171351e+02
9.910895327557751955e+01
1.058397258583059539e+02
1.056936955061865717e+02
1.079750272901362820e+02
1.175820198828403704e+02
1.068829045411255265e+02
1.265419680621827894e+02
9.890180046997782881e+01
1.418489050734931993e+02
1.251514648091229702e+02
1.081725199167127442e+02
1.040576794353534922e+02
1.336836724861622088e+02
1.144239548074701247e+02
1.098944187337337155e+02
1.149892023175273721e+02
1.024549491830439081e+02
9.514155806683794481e+01
1.214081275272928764e+02
1.379708412767905656e+02
1.208774240771648749e+02
1.084092836612816484e+02
1.288288349717631434e+02
1.113641399657924609e+02
9.971077630590640695e+01
1.222043300372468337e+02
1.279949575221097291e+02
1.048970756023461490e+02
1.045195276614751947e+02
1.245361280987202832e+02
1.032808065967675475e+02
1.115669231412659883e+02
1.007044610059809600e+02
1.000881488081018347e+02
1.219015910937796150e+02
1.311921046828778969e+02
1.138522944174316081e+02
9.699660406437001825e+01
1.059271404350668035e+02
1.083658494557266465e+02
7.984201449256318028e+01
1.107151822878541765e+02
1.071432288377109785e+02
