1.444201843749999898e+04
1.521894374999999854e+04
1.439817625000000044e+04
1.679181656250000015e+04
1.359349906249999913e+04
1.515914718750000065e+04
1.468222531249999884e+04
1.447467999999999847e+04
1.401927656249999927e+04
1.505596625000000131e+04
1.509441937499999949e+04
1.494486625000000095e+04
1.449224187499999971e+04
1.399216937499999949e+04
1.507053281249999964e+04
1.386575406250000015e+04
1.389607531250000102e+04
1.501526343749999978e+04
1.443426312499999949e+04
1.660803781249999884e+04
1.549688437499999964e+04
1.688458812499999840e+04
1.465048687500000051e+04
1.539894968750000044e+04
1.569862843749999956e+04
1.474696531250000044e+04
1.649835781249999854e+04
1.443093000000000029e+04
1.478459156249999978e+04
1.620863718749999862e+04
1.460330781250000109e+04
1.495255562500000087e+04
1.400411593749999884e+04
1.443447312500000044e+04
1.522736750000000029e+04
1.454891218749999825e+04
1.441753593750000073e+04
1.641147218749999956e+04
1.394539437499999985e+04
1.422132593749999978e+04
1.465496531250000044e+04
1.456079187499999898e+04
1.440295874999999978e+04
1.440987968750000073e+04
1.516141781249999985e+04
1.607501781250000022e+04
1.493192281249999905e+04
1.501692874999999913e+04
1.517062937500000044e+04
1.537624749999999949e+04
1.569746875000000000e+04
1.443940437500000007e+04
1.412942875000000095e+04
1.426495062500000131e+04
1.501010031250000065e+04
1.396400843750000058e+04
1.407812406250000095e+04
1.430043687500000124e+04
1.534188843749999978e+04
1.458648406249999971e+04
1.558587062499999956e+04
1.626339906249999876e+04
1.465187343750000036e+04
1.680819499999999971e+04
1.494633593750000000e+04
1.566247562500000095e+04
1.502781406249999964e+04
1.602310749999999825e+04
1.451374156249999942e+04
1.535723499999999876e+04
1.459456812499999978e+04
1.581130312500000036e+04
1.647430999999999767e+04
1.504172312500000044e+04
1.522460843750000095e+04
1.571961312499999985e+04
1.483498749999999927e+04
1.518500906250000116e+04
1.352453218749999905e+04
1.502151500000000124e+04
1.596886812499999905e+04
1.536737718750000022e+04
1.673983562499999971e+04
1.488421156250000058e+04
1.549084375000000000e+04
1.556482875000000058e+04
1.554302406250000058e+04
1.466928093749999971e+04
1.582417406249999840e+04
1.473513781249999920e+04
1.552470593750000080e+04
1.620293812499999876e+04
1.667286312499999985e+04
1.418639187499999935e+04
1.460975156249999964e+04
1.493691906249999920e+04
1.644782843750000029e+04
1.410815812499999811e+04
1.502640531249999913e+04
1.509619531250000000e+04
1.458418468750000102e+04
1.508264937500000087e+04
1.640305906249999680e+04
1.453756250000000000e+04
1.522481812499999978e+04
1.525823781250000138e+04
1.441954125000000022e+04
1.414673906249999891e+04
1.777564812499999971e+04
1.579314624999999978e+04
1.500736343750000015e+04
1.382573125000000073e+04
1.457855906250000044e+04
1.613528624999999920e+04
1.456047812499999964e+04
1.517908374999999978e+04
1.693209281249999913e+04
1.641407968749999782e+04
1.511695281249999971e+04
1.474758906249999927e+04
1.657994656250000116e+04
1.687074468749999869e+04
1.590605531249999876e+04
1.686936937500000204e+04
1.490805906249999862e+04
1.631286437499999920e+04
1.643222249999999985e+04
1.519824781249999978e+04
1.867731468750000204e+04
1.532825374999999985e+04
1.606626500000000124e+04
1.567995343750000029e+04
1.573472593749999942e+04
1.683959968750000189e+04
1.656540687500000058e+04
1.655874437499999840e+04
1.581012156249999862e+04
1.562708187499999985e+04
1.554366968749999978e+04
1.798076624999999694e+04
1.754481312500000058e+04
1.761003125000000000e+04
1.712465468750000218e+04
1.514465718749999905e+04
1.645142562499999985e+04
1.637599749999999949e+04
1.706545437500000116e+04
1.588434687499999927e+04
1.567148500000000058e+04
1.481826406250000036e+04
1.638115875000000051e+04
1.663850406250000015e+04
1.549091531249999935e+04
1.551798156249999920e+04
1.760556406250000146e+04
1.540588843749999978e+04
1.556786343750000015e+04
1.955106156249999913e+04
1.698600968750000175e+04
1.842626374999999825e+04
1.615486906250000175e+04
1.621836281249999956e+04
1.608670812500000102e+04
1.720608906249999927e+04
1.616067874999999913e+04
1.646100624999999854e+04
1.712446218750000116e+04
1.560175406249999833e+04
1.692715656249999665e+04
1.538111031250000087e+04
1.534869968750000044e+04
1.527814687499999854e+04
1.569195187500000065e+04
1.537820343750000029e+04
1.659122468749999825e+04
1.504768750000000000e+04
1.634107593750000160e+04
1.694979468749999796e+04
1.788666531250000116e+04
1.587374312500000087e+04
1.694811249999999927e+04
1.507840906250000080e+04
1.656491281250000247e+04
1.852747156249999898e+04
1.564786531250000007e+04
1.714523687499999869e+04
1.596318531249999978e+04
1.551333718749999935e+04
1.501992812500000036e+04
1.653196531249999680e+04
1.769404968750000262e+04
1.656238374999999724e+04
1.750126468749999913e+04
1.726392562499999985e+04
1.663497937499999898e+04
1.532171624999999949e+04
1.680818000000000029e+04
1.534684375000000000e+04
1.486117843749999884e+04
1.503414343749999898e+04
1.742100531250000131e+04
1.650226968750000015e+04
1.609581562499999927e+04
1.553297718750000058e+04
1.672757531250000102e+04
1.605413250000000153e+04
1.589058968749999985e+04
1.560826875000000109e+04
1.509321406249999927e+04
1.790795124999999825e+04
1.658952906249999796e+04
1.590541062500000044e+04
1.742474375000000146e+04
1.534183499999999913e+04
1.758115968749999956e+04
1.739379312499999651e+04
1.568611718750000000e+04
1.853349499999999898e+04
1.896964062500000000e+04
1.840631874999999854e+04
1.569595812500000102e+04
1.592210874999999942e+04
1.686363406250000116e+04
1.542600062500000058e+04
1.617413328125000044e+04
1.791805468750000000e+04
1.552785109374999956e+04
1.524513343749999876e+04
1.743414500000000044e+04
1.716912468749999971e+04
1.984141343750000306e+04
1.681307031250000000e+04
1.787339406249999956e+04
1.635721218749999935e+04
1.829776749999999811e+04
1.812644781249999869e+04
1.710514843750000000e+04
1.612168687500000124e+04
1.753821749999999884e+04
1.770950124999999753e+04
1.830085749999999825e+04
1.847381218749999971e+04
1.788025656250000247e+04
1.750659937500000160e+04
1.679961781250000058e+04
1.746974750000000131e+04
1.580144968750000044e+04
1.601115406250000160e+04
1.630197906249999869e+04
1.710623749999999927e+04
1.603936562499999854e+04
1.528725812499999847e+04
1.749739249999999811e+04
1.637208562499999971e+04
1.973649593749999985e+04
1.631833843749999869e+04
1.817702281249999942e+04
1.834500500000000102e+04
1.918553343749999840e+04
1.775168812500000058e+04
1.597051343749999978e+04
1.834965718750000087e+04
1.714525593749999825e+04
1.701902968750000218e+04
1.664878468749999956e+04
1.594403156249999847e+04
1.901055531250000058e+04
1.661620343750000029e+04
1.768034749999999985e+04
1.804724875000000247e+04
1.834028624999999738e+04
1.608861718749999818e+04
1.627348124999999891e+04
1.729599749999999767e+04
1.916858468749999884e+04
1.743081281250000029e+04
1.791518781250000029e+04
1.993885218750000058e+04
1.903497874999999840e+04
1.662705406249999942e+04
1.623343468750000102e+04
1.772565468749999854e+04
1.935369687500000146e+04
1.737165062500000204e+04
1.639584156249999796e+04
1.777076718749999782e+04
1.781202874999999767e+04
1.782449343749999753e+04
1.633239562499999920e+04
1.629493531250000160e+04
1.745601468750000276e+04
1.713098343749999913e+04
1.831450843749999694e+04
1.703869812499999898e+04
1.645228374999999869e+04
1.604814343749999898e+04
1.940715781249999782e+04
1.699780468750000000e+04
1.842365250000000015e+04
1.807301343749999796e+04
1.601909625000000051e+04
1.701824374999999782e+04
1.635985187500000029e+04
1.721537781250000262e+04
1.628880312500000036e+04
1.986395843749999767e+04
1.735914218750000146e+04
1.649875062500000058e+04
1.835514249999999811e+04
1.817402843749999738e+04
1.854939656249999825e+04
1.814772218749999956e+04
1.921181687500000044e+04
1.996032156249999753e+04
1.822010812499999884e+04
1.702015312500000073e+04
1.934673499999999694e+04
1.910320468749999782e+04
1.608342156249999971e+04
1.618934437500000058e+04
1.752701187500000015e+04
1.733132562500000131e+04
1.594136718749999818e+04
1.724213593749999927e+04
1.641838656249999985e+04
1.671779624999999942e+04
1.700051124999999956e+04
1.763364406249999956e+04
1.735218812500000058e+04
1.638687515625000015e+04
1.918664562500000102e+04
1.607269656249999935e+04
1.727163875000000189e+04
1.722515312499999709e+04
1.943344124999999985e+04
1.957602124999999796e+04
1.906860343749999811e+04
1.726590718750000087e+04
1.656569874999999956e+04
2.025805468750000000e+04
1.762663093749999825e+04
2.010756124999999884e+04
1.797308531249999942e+04
1.669139859375000015e+04
2.125840937499999927e+04
1.829825218750000204e+04
2.098493968749999840e+04
1.752947249999999985e+04
1.798825656249999884e+04
1.764730468750000000e+04
1.832974437500000204e+04
1.697878250000000116e+04
1.942613593749999927e+04
1.636427874999999949e+04
2.002412406249999913e+04
1.805499468749999869e+04
2.043078031250000276e+04
1.647632781249999971e+04
1.970997624999999971e+04
1.919063937499999884e+04
1.697652624999999898e+04
1.844042968750000000e+04
1.911287125000000015e+04
2.110811031249999724e+04
1.721833406249999825e+04
1.718986124999999811e+04
1.639190101562499694e+04
1.791347687500000029e+04
1.693177999999999884e+04
1.990421093750000000e+04
2.003434000000000015e+04
1.827509687499999927e+04
1.702436249999999927e+04
1.791385843749999913e+04
2.019003874999999971e+04
1.799296187499999724e+04
1.710510812499999884e+04
1.695963093749999825e+04
1.927537343749999854e+04
1.872168718749999971e+04
1.826148781249999956e+04
2.006288531249999869e+04
1.818191343749999942e+04
1.630847929687499891e+04
1.932114218750000146e+04
1.852572437499999796e+04
1.660943593749999854e+04
1.785304843750000146e+04
1.707884031249999680e+04
2.009889406249999956e+04
1.917833531249999942e+04
1.955273999999999796e+04
1.746910468749999927e+04
1.873272124999999869e+04
1.781900593749999825e+04
1.669056507812500058e+04
1.744072343750000073e+04
1.708200062500000058e+04
2.093413937499999884e+04
1.767278093749999971e+04
1.934456437500000175e+04
1.930663499999999840e+04
2.061002156249999825e+04
1.968625437500000044e+04
1.698894499999999971e+04
2.127461437499999738e+04
1.791356843749999825e+04
1.845101156249999985e+04
1.755476750000000175e+04
1.670706554687500102e+04
1.691192062499999884e+04
1.987750624999999854e+04
1.798645593749999898e+04
2.005551531249999971e+04
2.113204187499999898e+04
1.902498999999999796e+04
1.992169000000000233e+04
1.727484906249999767e+04
1.699657624999999825e+04
1.711651625000000058e+04
1.752968218749999869e+04
1.793598937499999738e+04
2.007718656249999913e+04
1.849219718750000175e+04
2.064016531249999753e+04
1.881557656249999854e+04
1.986893843749999724e+04
1.709189796874999956e+04
2.201200499999999738e+04
1.735725031250000029e+04
1.825578874999999971e+04
1.890229593749999913e+04
1.854505531250000058e+04
1.699262999999999738e+04
2.107933250000000044e+04
2.038893875000000116e+04
1.846184718749999956e+04
1.717321781249999913e+04
1.814840312500000073e+04
1.737042250000000058e+04
2.084844781250000233e+04
1.687027937499999825e+04
1.894520375000000058e+04
1.980495249999999942e+04
2.031558031249999840e+04
1.818518624999999884e+04
1.889497562499999913e+04
1.992269124999999985e+04
1.766354562500000247e+04
2.080547906250000233e+04
1.949505999999999767e+04
1.807877937499999825e+04
1.964461531250000189e+04
2.180954156250000233e+04
1.715994835937500102e+04
1.907371343749999869e+04
2.355111687499999971e+04
1.984849937499999942e+04
1.821809781250000015e+04
1.800974656249999680e+04
1.873758499999999913e+04
1.820267499999999927e+04
1.999544718750000175e+04
2.004770843749999767e+04
1.853835281250000116e+04
2.025767312500000116e+04
2.101850500000000102e+04
1.915951156249999985e+04
1.810996437499999956e+04
2.009163093749999825e+04
1.759789093750000029e+04
2.159520718750000015e+04
1.903802687499999956e+04
1.753304093750000175e+04
