9.548157656249999491e+03
9.724795312499998545e+03
9.375506406250000509e+03
1.070431039062499985e+04
9.667284999999999854e+03
1.032134726562499964e+04
1.072071554687500065e+04
9.763302812499998254e+03
9.785014140625000437e+03
9.636774999999999636e+03
9.199454296875001091e+03
8.855807265624998763e+03
1.064132210937499985e+04
1.110297679687500022e+04
1.032975867187499898e+04
1.023860265625000102e+04
9.305437109374999636e+03
1.040839007812499949e+04
9.625346171875000437e+03
9.685709921875000873e+03
1.035037515624999833e+04
9.664886484374999782e+03
1.097165109374999884e+04
1.088154414062499927e+04
9.711177812500000073e+03
1.109614750000000095e+04
9.424683593750000000e+03
8.542121874999998909e+03
1.096758273437500065e+04
1.038592437500000051e+04
1.232657335937500102e+04
9.790751484375001382e+03
8.924890546874999927e+03
9.021739921874999709e+03
8.906420703125000728e+03
8.742865546875000291e+03
9.799450859374999709e+03
9.614391328125000655e+03
8.558279062499999782e+03
1.003131101562500044e+04
1.033120539062500029e+04
9.942372343749999345e+03
1.058040234375000000e+04
1.033711335937500007e+04
9.639677968750000218e+03
1.037716296874999898e+04
8.355840703125000800e+03
1.037602046874999905e+04
1.115738390625000102e+04
9.195625312500000291e+03
1.104758546874999956e+04
8.905641562499999054e+03
1.030897523437499876e+04
1.035683632812500036e+04
9.622243906249999782e+03
9.583961484374998690e+03
9.915141093750000437e+03
9.023644453124999927e+03
8.458801250000000437e+03
9.218032812499999636e+03
8.715466484374999709e+03
1.007015703124999891e+04
9.514416718750000655e+03
9.778861015625001528e+03
9.324091875000000073e+03
1.001883124999999927e+04
1.080103109374999985e+04
9.979065859374999491e+03
9.615762734374999127e+03
1.154747007812499942e+04
1.237735554687500007e+04
9.280281093749999854e+03
1.030863000000000102e+04
1.071392632812500051e+04
1.026961234374999913e+04
9.744231250000000728e+03
1.116652390624999862e+04
1.100415226562499993e+04
1.012255382812499920e+04
9.908694296874999054e+03
1.105981257812500007e+04
8.589688281249998909e+03
1.113016984374999993e+04
1.008902453125000102e+04
8.618348125000000437e+03
9.526177421874999709e+03
1.068238164062499891e+04
1.027144335937500000e+04
1.045513156250000065e+04
1.013178539062500022e+04
1.055878164062500036e+04
9.385139453124998909e+03
9.610475546874999054e+03
1.079472351562499898e+04
1.022753335937500015e+04
9.835917500000001382e+03
1.160348226562499985e+04
9.290087734374999854e+03
1.006945039062500109e+04
1.017982867187500051e+04
9.955534921874999782e+03
1.019793703124999956e+04
1.068298820312499993e+04
1.074843117187499956e+04
1.017136953125000036e+04
9.756123515624998618e+03
1.100107671874999869e+04
1.014350703124999927e+04
1.115758039062500029e+04
9.988667499999999563e+03
1.074681281250000029e+04
1.258616640624999854e+04
1.087231539062499905e+04
1.039809609375000036e+04
1.234516429687500022e+04
9.533384296875001382e+03
1.008622070312500000e+04
1.123668289062499935e+04
1.039219570312499854e+04
1.041629695312500007e+04
1.138684843749999891e+04
1.023937609374999920e+04
1.136616328124999927e+04
9.641912421875000291e+03
1.002369117187499978e+04
9.235043515624998690e+03
1.019760039062500073e+04
9.216870312499999272e+03
1.017597484375000022e+04
1.099192046874999869e+04
9.447452578124999491e+03
1.002947804687500138e+04
9.536608671874999345e+03
9.893596640625000873e+03
1.117901226562499869e+04
1.034930515625000044e+04
9.055013671875000000e+03
9.009400390625000000e+03
1.072094343750000007e+04
1.004463484375000007e+04
9.487905468749999272e+03
1.077057359374999942e+04
1.136584570312500000e+04
1.080333992187500007e+04
1.003549476562499876e+04
1.010538289062500007e+04
1.132917593750000015e+04
9.676319140625000728e+03
8.595729843749999418e+03
8.857082343749998472e+03
1.028712562499999876e+04
8.834398281249999854e+03
1.095305445312499978e+04
9.755274765624999418e+03
8.911841406249999636e+03
1.064756585937499949e+04
9.808181796874998327e+03
1.022276398437500029e+04
9.911350234375000582e+03
1.116863249999999971e+04
1.117656039062499985e+04
9.109807031250000364e+03
1.054052734375000000e+04
9.305519140624999636e+03
1.048559859374999905e+04
1.083826351562499985e+04
1.076168539062499985e+04
1.028107929687499927e+04
1.012512781250000080e+04
8.845684062500000437e+03
9.212065703125001164e+03
8.938523281249999854e+03
9.881669062500001019e+03
9.823215468750000582e+03
9.125549296875000437e+03
9.577570937500000582e+03
9.162071250000000873e+03
9.292391796874999272e+03
1.019664382812499935e+04
1.075459101562499927e+04
8.890635468750000655e+03
8.871433281249999709e+03
1.006464578124999935e+04
9.563783671874998618e+03
1.002690031249999993e+04
1.108750156249999964e+04
1.111478999999999905e+04
1.101054570312500073e+04
9.957940078125000582e+03
8.538769687500000146e+03
1.055429359374999876e+04
1.086745546875000036e+04
1.024942781250000007e+04
9.627620703124999636e+03
9.302211796874998981e+03
1.037912367187500058e+04
9.906621953125000800e+03
1.022709656249999898e+04
9.905463203125000291e+03
1.088162421874999927e+04
1.130029960937499891e+04
1.077336695312499978e+04
1.009289546874999905e+04
9.412884687499999927e+03
1.067310710937499971e+04
1.126518914062500153e+04
9.182064062499999636e+03
9.537760703125000873e+03
1.098276039062499876e+04
8.833612421874999200e+03
1.133360195312499854e+04
1.012309453125000073e+04
9.403892499999999927e+03
8.380126015625000946e+03
9.581135781249999127e+03
1.136782171874999949e+04
8.700373671875000582e+03
1.087145898437500000e+04
1.098278617187500095e+04
9.977856640624999272e+03
1.120032499999999891e+04
1.066512109375000000e+04
9.795443515624998327e+03
1.112768742187499993e+04
9.770798671874999854e+03
1.104525945312499971e+04
1.113741109374999905e+04
9.855266562500000873e+03
9.122984921875000509e+03
1.122752953124999840e+04
1.001480195312499927e+04
9.570190468750000946e+03
1.115026757812500000e+04
9.855077734374999636e+03
1.026063249999999971e+04
9.751075781249999636e+03
1.081447789062499942e+04
8.627091406250001455e+03
1.000177859374999935e+04
1.004071710937500029e+04
1.136497976562499935e+04
8.410937343749999854e+03
9.732625000000000000e+03
9.736339531249999709e+03
1.081026171875000000e+04
8.901590312500000437e+03
9.969377500000000509e+03
9.976984062499999709e+03
9.710291874999998981e+03
1.012019828124999913e+04
1.076852226562500073e+04
9.993898359374999927e+03
1.015380289062500015e+04
9.885079374999999345e+03
8.649441718749998472e+03
1.054353140625000015e+04
9.714170468750000509e+03
9.465807890624999345e+03
8.300909062500000800e+03
1.012394335937500000e+04
1.105756757812499927e+04
1.090181257812500007e+04
1.008654593750000095e+04
9.103937187499999709e+03
9.560484921875000509e+03
9.788517031249999491e+03
1.063459679687499920e+04
1.241166593749999993e+04
1.085182093749999876e+04
9.856762890624999272e+03
9.259071328124999127e+03
1.148082539062499927e+04
1.064929390624999905e+04
1.034796140625000044e+04
1.043930624999999964e+04
9.186274531249999200e+03
8.946310078124999563e+03
9.788462656249999782e+03
1.067642976562500007e+04
8.501956953124999927e+03
1.148998835937500007e+04
1.030139062500000000e+04
9.927591328124999563e+03
9.736794453124999563e+03
1.051848695312500058e+04
9.713773750000000291e+03
9.771256484374998763e+03
1.119819734375000007e+04
9.817883515625000655e+03
1.095112992187499913e+04
9.165148750000000291e+03
1.009263703125000029e+04
9.614355078124999636e+03
9.267539062499998181e+03
1.065448859374999847e+04
9.836237890624999636e+03
1.075142953124999985e+04
1.035804554687499876e+04
1.017476843749999898e+04
9.805005078124999272e+03
9.698216406249999636e+03
9.443326015624999854e+03
9.746147187500000655e+03
9.071793593749998763e+03
9.233783750000000509e+03
1.092799281249999876e+04
9.813329687499999636e+03
9.995620703124999636e+03
1.015061187499999869e+04
9.718348515624998981e+03
1.135028648437499942e+04
1.079579921875000036e+04
9.818979296874998909e+03
1.066530609375000131e+04
9.560446718750001310e+03
1.110321617187499942e+04
9.840519921875000364e+03
1.063750171874999978e+04
9.966122656249999636e+03
9.720219609375000800e+03
1.092849539062500116e+04
1.068450929687499956e+04
1.100605390624999927e+04
9.327308671875000073e+03
1.071981242187499993e+04
9.437003125000001091e+03
1.042645171875000051e+04
1.019898414062499978e+04
1.006374171874999956e+04
1.016576101562499935e+04
1.123519421874999898e+04
8.941786796874999709e+03
1.006572343750000073e+04
1.095373054687500007e+04
9.157850234374998763e+03
9.987799609374998909e+03
1.021805570312499913e+04
1.097417929687499964e+04
1.211712453125000138e+04
8.543894765625000218e+03
9.093721406249998836e+03
1.009722328125000058e+04
1.025755312499999854e+04
1.121426585937500022e+04
1.081472585937500116e+04
1.102303125000000000e+04
9.734529531250000218e+03
1.139301773437500015e+04
9.946828828124998836e+03
1.084549328125000102e+04
1.084940148437500102e+04
8.736286171874999127e+03
9.186242109374999927e+03
1.097636031250000087e+04
1.059503843749999942e+04
8.612892187499999636e+03
1.099070453124999949e+04
9.697031953125000655e+03
1.271982093749999876e+04
1.066436578125000051e+04
1.056192492187500102e+04
9.429921171874999345e+03
8.692537343750000218e+03
9.428476328124999782e+03
8.629322968749998836e+03
8.811159140624999054e+03
1.045328617187499913e+04
1.013189031249999971e+04
9.776577031249998981e+03
1.082404421874999935e+04
8.765899687499999345e+03
1.107633874999999898e+04
9.918146171874999709e+03
1.036277867187500124e+04
1.130740640624999833e+04
1.012024593749999985e+04
1.033369351562500015e+04
1.019110867187499935e+04
9.553393359375000728e+03
1.034420015625000087e+04
9.228365859374998763e+03
8.476065625000001091e+03
9.644106874999999491e+03
1.122778609374999905e+04
9.743091562499999782e+03
1.218851375000000007e+04
9.943567265624998981e+03
1.048684882812499927e+04
1.065388296875000015e+04
1.029176999999999862e+04
1.170147898437499862e+04
1.008902546875000007e+04
1.015274242187500022e+04
1.003956796874999964e+04
1.110595132812500015e+04
1.042467406249999840e+04
9.651598906249999345e+03
1.010397054687499985e+04
1.058550265625000065e+04
9.907617578125000364e+03
1.240152835937499913e+04
1.018918421875000058e+04
9.912828437500000291e+03
9.680956874999999854e+03
9.815856953124999563e+03
1.139376351562499985e+04
1.082860187500000029e+04
8.363259296874999563e+03
9.229412109375000000e+03
1.007983585937499993e+04
1.022041320312499920e+04
1.013631054687500000e+04
1.011930273437499818e+04
9.645589843750000000e+03
9.143923749999999927e+03
9.611412968750000800e+03
1.059203335937500015e+04
9.671011953124998399e+03
1.133104132812500029e+04
1.053138921875000051e+04
1.095019437500000095e+04
1.045946789062499920e+04
8.595661171874999127e+03
1.152910804687500058e+04
9.139010390624998763e+03
1.102666757812499964e+04
1.007900140625000131e+04
1.047900203125000007e+04
9.657456406250001237e+03
1.049708843750000051e+04
9.781407343750001019e+03
1.063121226562500124e+04
9.296245546874999491e+03
1.031650828125000044e+04
8.591536484374999418e+03
1.033331109375000051e+04
1.030681703125000058e+04
9.633282656249999491e+03
8.945552812500000073e+03
8.770724296874999709e+03
1.044981953124999927e+04
1.140428445312499935e+04
9.898671171874999345e+03
1.023611546875000022e+04
9.310664140625000073e+03
1.113496109375000015e+04
1.088176921874999971e+04
9.853062656250000146e+03
1.120517921874999956e+04
1.065963367187499898e+04
1.049052523437499985e+04
1.092958351562499956e+04
1.058583070312499876e+04
1.024124906249999913e+04
9.849770546874999127e+03
1.036529539062500044e+04
9.667669296874999418e+03
9.687545781249998981e+03
9.755760156250000364e+03
1.054177281249999942e+04
9.444148984374998690e+03
1.005496789062500102e+04
1.023559664062499905e+04
1.170764351562499905e+04
9.583410234375000073e+03
1.040526390624999840e+04
1.052686312499999985e+04
9.774790781249999782e+03
1.088198945312499927e+04
9.745203984374998981e+03
1.028279117187499833e+04
9.218584062500000073e+03
1.027249718750000102e+04
9.093405703125001310e+03
9.743628515624999636e+03
1.008543968749999840e+04
8.942713749999998981e+03
9.299767499999999927e+03
1.049663546875000065e+04
9.537342109375000291e+03
1.140758703124999920e+04
1.002469726562500000e+04
1.080761718750000000e+04
9.779006953124999200e+03
9.782286640624999563e+03
9.204903593749999345e+03
1.047116374999999971e+04
1.015166757812499964e+04
1.093511484374999964e+04
1.044614312500000051e+04
9.291042343749999418e+03
1.121633437500000036e+04
1.045574382812499971e+04
8.514405234374999054e+03
9.698117265624998254e+03
9.715077421874999345e+03
9.623652421875000073e+03
9.179397578124999200e+03
1.010916992187500000e+04
9.059938437499999054e+03
1.032209109374999935e+04
9.431383125000000291e+03
1.099144460937499935e+04
9.984388359374999709e+03
8.725564921875000437e+03
9.944664921875000800e+03
1.098825265624999884e+04
1.060059359374999985e+04
9.633753749999999854e+03
9.323035234375000073e+03
1.134498499999999876e+04
1.002512171875000058e+04
1.005077460937500109e+04
1.013779546874999869e+04
1.231350132812499942e+04
9.335427265624999563e+03
1.124698921875000087e+04
1.051499078125000051e+04
9.625045781249998981e+03
8.557127968750000946e+03
1.039743140624999978e+04
1.098479460937499971e+04
9.555729843749999418e+03
9.291595468749999782e+03
9.869709999999999127e+03
1.088266374999999971e+04
1.027949617187500007e+04
9.693709374999998545e+03
1.087400054687499869e+04
9.650656718749998618e+03
1.028519726562500000e+04
1.158763406249999935e+04
1.138801859374999913e+04
9.175058359374999782e+03
9.969161953124999854e+03
1.095524976562499978e+04
1.110639289062499847e+04
1.119020843750000131e+04
1.118319226562499898e+04
8.851904843750000509e+03
1.004397773437499927e+04
1.039024257812499854e+04
1.158402249999999913e+04
9.734593359374999636e+03
1.129966070312499869e+04
1.076901625000000058e+04
9.959221875000001091e+03
1.076189710937500058e+04
1.077840039062500000e+04
1.021121976562499913e+04
1.109139343750000080e+04
9.705473906250001164e+03
1.039560984375000044e+04
1.116076085937499920e+04
1.006200031250000029e+04
1.071373078125000029e+04
9.741482734374998472e+03
1.028853609375000087e+04
1.081275554687499971e+04
1.076167007812500015e+04
9.507532109374998981e+03
9.898273437500000000e+03
8.674091328124999563e+03
1.056651687499999935e+04
9.001166328125000291e+03
9.349023828125000364e+03
9.107810000000001310e+03
1.121114257812499818e+04
1.091750812499999847e+04
1.225801179687500007e+04
1.042873859374999847e+04
9.492914218750000146e+03
9.502617812500000582e+03
9.861106875000001310e+03
1.033788492187500015e+04
9.935867343749998327e+03
1.060338117187500029e+04
1.099348164062499927e+04
1.044635773437500029e+04
9.028226875000000291e+03
8.472665781249999782e+03
1.078505515624999862e+04
1.018178367187499862e+04
1.105424687500000073e+04
1.070121765624999898e+04
1.005492593750000015e+04
1.074335289062499942e+04
1.098128601562500080e+04
8.950699843749998763e+03
9.538274765624999418e+03
1.037172984374999942e+04
1.105887320312500015e+04
1.152333734374999949e+04
1.039608859374999884e+04
8.883416171875000146e+03
9.955125781250000728e+03
9.159937890625000364e+03
8.631677656249999927e+03
1.123957828124999833e+04
1.037158585937499811e+04
1.114188000000000102e+04
1.009741874999999891e+04
8.656742109374999927e+03
1.009451007812499847e+04
1.120499328124999920e+04
8.451322578125000291e+03
9.831303593750000800e+03
1.125779531250000036e+04
9.024153671874999418e+03
1.018469335937500000e+04
9.721426015624998399e+03
1.074943539062499985e+04
1.029965593749999971e+04
9.794103593750000073e+03
1.056144812499999898e+04
1.097706218749999971e+04
9.999848359374998836e+03
1.109881500000000051e+04
9.643221874999999272e+03
1.193739320312499876e+04
1.138238046874999964e+04
9.182845078124999418e+03
1.035448359374999927e+04
9.648237265624999054e+03
1.019348140624999905e+04
8.695474609375000000e+03
1.042333984375000000e+04
1.011986734375000015e+04
9.665257421874999636e+03
1.066707328124999913e+04
9.719315546875001019e+03
1.097518156249999993e+04
1.141397859375000007e+04
9.811770468749999054e+03
1.052869507812499978e+04
1.147566796875000000e+04
1.049202249999999913e+04
9.787637734374999127e+03
9.610413515624999491e+03
9.909812890625000364e+03
1.089399054687499847e+04
9.707364999999999782e+03
1.222847171875000095e+04
1.073500539062499956e+04
1.025687601562499913e+04
9.780698750000001382e+03
1.037477968750000036e+04
1.114555929687499884e+04
1.043625257812500058e+04
1.040771296875000007e+04
9.314803124999998545e+03
8.787200000000000728e+03
1.354884531249999964e+04
9.705710390625001310e+03
1.240426632812500065e+04
1.079303648437499942e+04
8.355152109374999782e+03
1.065123554687499927e+04
9.947381953124999200e+03
9.956398046874999636e+03
9.746191953125000509e+03
1.060778523437499825e+04
9.658247031249999054e+03
1.025304890624999825e+04
1.025418281249999927e+04
9.848553671875000873e+03
9.682812656250000146e+03
1.096027945312500015e+04
1.124829578125000080e+04
9.883183515624999927e+03
1.037638664062499993e+04
9.838618281249999200e+03
1.007870484374999978e+04
1.107559773437500007e+04
9.556812265624999782e+03
1.038196179687500080e+04
9.616127968749999127e+03
1.029860874999999942e+04
1.072284796874999847e+04
9.693152421875000073e+03
1.002085593750000044e+04
9.236557968750001237e+03
1.113972851562500000e+04
1.020146749999999884e+04
9.492546093750001091e+03
1.017053890624999985e+04
1.071799562499999956e+04
1.008852765624999847e+04
1.026935960937500022e+04
9.834654843750000509e+03
9.173859609375000218e+03
1.022842695312499927e+04
1.128159234375000051e+04
1.079106999999999971e+04
1.167577460937500109e+04
1.070579531249999854e+04
9.429232578124998327e+03
1.052608968749999985e+04
9.803951250000000073e+03
9.052773437500000000e+03
9.959799765624999054e+03
1.240487476562499978e+04
1.112938499999999840e+04
9.235998125000000073e+03
1.045872023437500138e+04
1.099960132812499978e+04
1.003925515624999935e+04
9.683543203125000218e+03
1.111599062500000036e+04
1.037960718749999978e+04
1.080676749999999993e+04
1.020147898437499862e+04
1.112607953124999949e+04
1.059997749999999905e+04
9.698241250000000946e+03
1.093711757812499854e+04
1.006879898437500015e+04
1.074194429687499905e+04
1.125018218750000051e+04
1.131339546875000087e+04
9.315514531250000800e+03
1.039344117187499978e+04
9.384858124999998836e+03
1.088038351562500065e+04
1.115290640625000015e+04
1.054465195312499964e+04
1.110628507812499993e+04
1.037163640624999971e+04
1.036188507812500029e+04
1.096382999999999993e+04
1.235791968749999978e+04
9.806465156250000291e+03
1.046481609374999971e+04
9.820030234375000873e+03
1.108207414062499993e+04
1.004191109375000087e+04
1.068564703124999869e+04
1.031060218750000058e+04
1.018393226562499876e+04
9.767253906250000000e+03
9.865412734375000582e+03
1.088905812499999956e+04
1.017591382812499978e+04
9.000743828124999709e+03
1.037205312500000036e+04
1.125911046874999920e+04
1.030170062499999949e+04
1.036007312499999898e+04
1.172935960937500022e+04
1.146613976562499920e+04
1.075271890624999833e+04
9.982690781249999418e+03
1.010584453124999891e+04
9.529905312500000946e+03
8.938905703124999491e+03
1.035349656250000044e+04
9.342134453124999709e+03
9.825884843750000073e+03
9.898929609374998108e+03
1.218357562499999949e+04
9.942479140625000582e+03
1.091698929687499913e+04
1.024264335937500073e+04
1.112571906250000029e+04
1.141930484375000015e+04
1.013980578125000102e+04
8.460278515624999272e+03
9.960767734375000146e+03
9.595626796874999854e+03
1.159233382812499985e+04
8.911724062499999491e+03
9.380675312499999563e+03
1.065189835937499993e+04
1.121493335937499978e+04
8.664229374999998981e+03
1.035681343749999905e+04
1.072221664062499985e+04
1.036348250000000007e+04
9.206456171875001019e+03
9.291184453124998981e+03
1.051594351562500015e+04
9.121946328125000946e+03
9.459656718750000437e+03
1.036232945312499942e+04
9.868825937499999782e+03
1.017891976562499985e+04
1.043659687499999927e+04
1.008836843749999935e+04
9.087864843749999636e+03
9.813490859374998763e+03
1.015181828124999993e+04
9.245315546874999200e+03
1.097471234374999949e+04
9.700188671875001091e+03
1.055260179687500022e+04
8.358057968749999418e+03
1.158905125000000044e+04
9.794343984375000218e+03
1.077920343750000029e+04
8.957107578124998327e+03
1.035508726562499942e+04
9.784410468750000291e+03
1.064878843749999942e+04
1.047812749999999869e+04
9.749430625000000873e+03
9.681142812499998399e+03
8.298510546875000728e+03
1.120561218749999898e+04
1.099766156249999949e+04
1.049557304687500073e+04
9.967174531250000655e+03
1.021007921874999920e+04
9.540636093750001237e+03
9.928742421875000218e+03
8.778747578124999563e+03
9.339412656249998690e+03
9.691487343749999127e+03
1.112458804687499833e+04
1.051069640624999920e+04
1.007917976562500007e+04
1.084199429687500015e+04
1.013501640624999891e+04
9.747061718749999272e+03
8.845541015625000000e+03
9.679767578125000000e+03
1.091377734375000000e+04
1.052532867187500051e+04
1.113927171875000022e+04
1.054744914062499993e+04
8.399649609375001091e+03
1.000356960937500116e+04
1.080414484375000029e+04
8.989097578124999927e+03
9.596637734374999127e+03
1.120031359374999920e+04
1.159096624999999949e+04
9.739813828124999418e+03
8.439908984375000728e+03
1.061024859375000051e+04
1.244622039062499971e+04
1.070304390625000087e+04
1.015282156249999935e+04
1.032590773437500138e+04
1.050912664062499971e+04
9.110705390625000291e+03
1.111507414062499993e+04
1.098585124999999971e+04
1.012718101562499942e+04
9.782027265624999927e+03
1.023040867187500044e+04
9.243145937499999491e+03
9.264479609374999200e+03
1.032888984374999927e+04
1.126031304687500051e+04
8.697345703125000000e+03
1.123335554687500007e+04
1.125578687499999978e+04
1.041334726562499964e+04
1.168696687500000007e+04
9.774672499999998763e+03
1.041995718750000015e+04
9.655299218750000364e+03
1.008215523437499905e+04
9.911554374999999709e+03
1.126133062499999869e+04
1.006158921874999942e+04
1.132204343749999862e+04
9.845885312500000509e+03
1.120312789062499905e+04
1.087293625000000065e+04
9.669505156250001164e+03
9.303313281250000728e+03
1.065876671874999920e+04
1.007932468750000044e+04
1.104756453125000007e+04
1.013301757812499818e+04
1.071372601562499949e+04
9.321704843749999782e+03
1.061312960937499884e+04
8.960102109375000509e+03
9.961091015624999272e+03
1.096591953124999964e+04
1.079494093749999956e+04
1.025476648437500080e+04
1.024822429687499971e+04
1.249720476562499971e+04
1.207089999999999964e+04
1.255070015625000087e+04
1.113049414062500000e+04
1.120378781249999884e+04
1.080811976562499876e+04
1.185947320312500051e+04
1.086262414062499920e+04
1.221317484374999913e+04
8.672207812499998909e+03
1.234131335937500080e+04
1.100654031249999935e+04
1.276259515624999949e+04
1.101733781249999811e+04
1.076731585937499949e+04
1.168080328125000051e+04
1.063959406250000029e+04
9.308712968749998254e+03
1.313840960937499949e+04
1.201848695312500058e+04
1.176682570312500138e+04
1.183642484375000095e+04
9.990388906250000218e+03
1.033145617187500102e+04
1.194319726562500000e+04
9.744886406249999709e+03
9.856389999999999418e+03
1.014691257812500044e+04
1.104399015624999993e+04
1.029788585937500102e+04
1.157026484374999927e+04
1.013404843749999964e+04
1.203126140624999971e+04
1.312458992187500007e+04
9.910017031249999491e+03
1.072131539062499905e+04
1.136185453124999913e+04
1.063040257812500022e+04
1.252131273437500022e+04
1.028661445312500109e+04
1.067024132812499920e+04
1.039207265625000036e+04
9.375529296875000000e+03
1.201922226562499964e+04
1.069592187500000000e+04
1.065824890624999898e+04
1.137958429687500029e+04
1.008374882812499891e+04
1.162625406249999833e+04
1.004531953124999927e+04
1.180607125000000087e+04
1.099295328124999833e+04
1.135027507812499971e+04
9.995732343749999927e+03
1.075331976562499949e+04
1.090735914062499978e+04
1.084663679687500007e+04
9.744097734375000073e+03
1.150397398437499942e+04
1.063871953125000073e+04
1.138841148437499942e+04
9.376427656249999927e+03
1.362444976562500051e+04
1.108872320312499869e+04
8.463903437500001019e+03
8.660630234375001237e+03
1.212532328124999913e+04
1.186854265624999971e+04
8.106258359374999600e+03
8.370090468750000582e+03
1.155705453124999985e+04
1.195559789062500022e+04
9.935655625000001237e+03
1.163546374999999898e+04
1.079791640625000036e+04
1.049538421875000131e+04
1.193358328124999935e+04
9.159024218749998909e+03
8.523434609374999127e+03
1.156920812499999920e+04
1.193114093750000029e+04
1.166044046874999913e+04
1.136226460937499905e+04
1.226006601562499964e+04
1.154528999999999905e+04
1.003419398437499876e+04
1.212996390624999913e+04
1.216624257812500036e+04
1.051470664062499964e+04
1.086158273437500065e+04
1.030524445312500029e+04
1.051178742187500029e+04
1.081223390624999956e+04
1.139392468750000080e+04
1.259290789062499971e+04
9.978949531250000291e+03
1.048705289062500015e+04
1.121685695312499956e+04
1.018697835937499985e+04
1.119507312500000080e+04
1.069778445312499935e+04
1.089070031249999920e+04
1.188466265625000051e+04
1.099007984374999978e+04
1.102074242187499840e+04
1.122797296875000029e+04
1.143345453124999949e+04
1.205096820312499949e+04
1.097083757812499971e+04
1.032860468749999927e+04
1.098946664062499985e+04
1.065445710937500007e+04
9.998463593749998836e+03
9.755247109375000946e+03
1.295699117187499905e+04
9.385098437499998909e+03
1.048748968749999949e+04
9.135496171875000073e+03
1.041151523437500146e+04
1.066578671874999964e+04
1.203238484375000007e+04
1.066501523437499964e+04
1.083780195312499927e+04
1.156203078124999956e+04
1.063297843749999993e+04
1.184614851562500007e+04
1.178515914062499905e+04
1.063462070312499964e+04
1.233776187500000015e+04
9.681430781250001019e+03
1.051455976562499927e+04
9.849042890624999927e+03
1.136286734375000015e+04
1.012136171875000036e+04
1.050738718749999862e+04
1.029491234374999840e+04
1.169543648437499905e+04
9.874637578125000800e+03
1.222616101562499898e+04
9.433881796874999054e+03
1.125318718749999971e+04
1.226888945312500073e+04
1.062281703124999876e+04
1.118805218749999949e+04
1.171960828125000080e+04
1.089337828124999942e+04
1.051237484374999985e+04
9.014249765624999782e+03
1.110323429687499993e+04
1.102308562499999971e+04
1.243219664062499942e+04
1.216505429687499964e+04
1.107568742187499811e+04
1.050089070312500007e+04
1.053487492187499993e+04
1.090494062499999927e+04
1.158763882812500015e+04
1.218632890625000073e+04
1.195876976562500022e+04
1.042299554687500131e+04
1.091308406250000007e+04
1.171151921874999971e+04
1.334138968749999913e+04
1.235974976562499978e+04
1.190750124999999935e+04
1.035054781250000087e+04
1.210564039062499978e+04
1.092922875000000022e+04
1.120241070312500051e+04
9.922285078124999927e+03
1.023597624999999971e+04
1.089330578124999920e+04
1.129999445312500029e+04
1.174084953124999993e+04
1.068746945312500065e+04
9.909415234374999272e+03
1.208119007812499876e+04
1.090096281249999993e+04
1.281625937499999964e+04
1.077162742187499862e+04
1.135688968750000095e+04
1.088146593749999920e+04
8.670154609375000291e+03
1.210839078125000015e+04
1.006973359374999927e+04
1.227535726562499985e+04
1.126004789062499913e+04
9.668683046874999491e+03
1.171117398437500015e+04
1.218339249999999993e+04
1.081705757812500087e+04
1.118728828124999927e+04
1.264224914062499920e+04
8.747454609374999563e+03
1.098099898437500087e+04
1.181002328124999985e+04
1.035889437499999985e+04
1.155645085937499971e+04
1.100285812499999884e+04
8.896417656249999709e+03
9.167568203124999854e+03
1.171156789062499956e+04
1.167870140624999840e+04
1.022007843750000029e+04
1.204103945312500036e+04
9.795188906250001310e+03
1.280735679687499942e+04
1.160394195312500051e+04
1.214455703125000036e+04
1.077910617187500065e+04
1.094157218749999993e+04
1.122187804687499920e+04
9.378788984374999927e+03
1.057718562500000007e+04
9.565625156250000146e+03
9.273036953124999854e+03
1.069999406249999993e+04
1.247054195312499905e+04
1.120886609375000080e+04
1.151538945312499891e+04
1.057481953124999927e+04
9.430951093749999927e+03
1.092283531249999942e+04
1.121404648437499964e+04
1.133472156250000080e+04
1.155768875000000116e+04
1.186085703124999964e+04
1.134759234374999869e+04
1.056213859374999993e+04
9.143679609374999927e+03
1.038909624999999869e+04
1.022218992187499862e+04
1.148289773437499935e+04
1.111388203124999927e+04
9.125135390624998763e+03
1.012327000000000044e+04
1.251419351562499833e+04
1.076854132812500029e+04
1.103857132812499913e+04
9.881275156249999782e+03
1.262537578124999891e+04
1.071578124999999818e+04
1.053560640625000087e+04
1.077008914062499935e+04
1.389385406250000051e+04
1.106786249999999927e+04
1.104759882812499927e+04
1.172003171875000044e+04
1.127381421874999978e+04
1.177830312500000036e+04
9.573914531250000437e+03
1.189193820312499884e+04
1.130425546874999964e+04
9.382749531250001382e+03
9.415718046874999345e+03
9.253729843749999418e+03
1.201765156249999927e+04
1.194941046874999847e+04
8.707495703124999636e+03
1.205125999999999840e+04
1.183082390624999971e+04
1.135428906250000000e+04
9.927916562500000509e+03
9.900535546875000364e+03
1.124918078125000102e+04
1.126126289062499927e+04
1.107270429687499927e+04
1.112415601562499978e+04
9.580522500000000946e+03
1.183003804687499905e+04
9.438247656249999636e+03
9.629090312500000437e+03
1.114764687499999854e+04
1.371944710937499985e+04
1.042898273437499847e+04
9.812455156250000073e+03
1.210639187499999935e+04
1.081064703124999869e+04
1.086340906250000080e+04
1.156224726562499927e+04
1.100295734374999847e+04
1.080225656250000065e+04
1.111159609375000036e+04
9.670297656249998909e+03
8.610541328125000291e+03
1.176757429687500007e+04
1.075550078124999891e+04
1.113299562499999956e+04
9.766962968750000073e+03
1.022453687499999978e+04
1.181652546874999825e+04
9.304410937500000728e+03
1.197776984375000029e+04
1.094383718749999935e+04
1.041798398437499964e+04
1.126817132812499949e+04
1.046944140625000000e+04
1.062001609374999862e+04
1.122531890624999869e+04
1.201650046874999862e+04
9.436874374999999418e+03
1.022539999999999964e+04
1.085969070312500116e+04
1.114717101562499920e+04
1.153900718749999942e+04
1.142255210937499942e+04
1.058766648437499862e+04
9.721433671875000073e+03
1.121300789062500007e+04
1.201737117187500007e+04
8.600019453124999927e+03
1.023712445312499949e+04
1.115963937499999884e+04
1.040583898437499920e+04
9.194789921874998981e+03
1.071037390624999898e+04
9.657586093750000146e+03
1.271939562500000102e+04
1.127918812499999876e+04
1.036102007812499869e+04
8.987687109375001455e+03
1.208414742187500087e+04
1.138139632812499985e+04
1.007654664062499978e+04
1.196986007812500065e+04
1.071494773437500044e+04
1.041526890625000124e+04
1.230688859374999811e+04
8.729398750000000291e+03
1.097111414062499898e+04
8.692947421874998327e+03
8.896046640624999782e+03
1.072259804687499854e+04
1.138478281249999964e+04
1.169005585937500109e+04
1.115682890625000073e+04
1.008603476562499964e+04
9.378458046874999127e+03
1.150312515625000015e+04
1.108014867187499840e+04
1.123565765624999949e+04
1.134794906249999985e+04
9.349060078124999563e+03
9.805867187500000000e+03
1.119526960937500007e+04
1.067504312500000015e+04
1.051445296874999985e+04
1.067590617187499993e+04
9.454732890624998618e+03
1.317267796874999840e+04
9.728376406249999491e+03
1.224977781249999862e+04
1.011090851562500029e+04
1.276918890624999949e+04
1.025786117187499985e+04
1.193720437499999935e+04
9.864491484374999345e+03
1.326297749999999905e+04
1.289722726562500065e+04
1.060959812500000044e+04
1.123138429687499956e+04
1.295883656250000058e+04
1.281234742187499978e+04
1.067315765624999949e+04
9.323222187500001382e+03
1.125201031249999869e+04
1.040414140624999891e+04
1.091700359374999971e+04
1.085994718749999993e+04
1.119023226562499985e+04
1.207261085937499956e+04
1.013458632812500036e+04
1.019914437499999985e+04
1.187261203125000065e+04
9.365357421875000000e+03
1.161263273437499993e+04
1.149974445312500029e+04
1.144080445312499978e+04
1.150143812500000058e+04
1.143122867187499833e+04
1.052624414062500000e+04
1.037807562499999949e+04
9.814248046875000000e+03
1.066719054687499920e+04
1.166882039062499825e+04
1.084025476562499898e+04
1.055946257812499971e+04
1.030380249999999978e+04
1.044702437499999905e+04
1.092450234374999854e+04
1.122059250000000065e+04
1.146156218749999971e+04
1.114437484374999985e+04
1.082037070312499964e+04
8.612017656250000073e+03
1.248595140625000022e+04
9.162454609374999563e+03
1.081877515624999978e+04
1.020596218750000116e+04
1.038013742187500065e+04
1.138623429687499811e+04
1.259806726562499898e+04
1.055880453124999985e+04
1.051732156249999935e+04
1.096810820312500073e+04
1.135813429687500138e+04
1.011968609374999869e+04
1.033635328124999978e+04
1.346562968749999891e+04
1.176279351562500051e+04
1.100848773437499949e+04
1.093890093749999869e+04
1.187461468749999949e+04
1.290027249999999913e+04
9.907366718749999563e+03
1.062507437500000015e+04
1.022448445312499825e+04
9.439703906249998909e+03
1.112937257812499956e+04
1.087665554687499935e+04
1.073466304687499905e+04
1.248870656250000138e+04
1.190630437499999971e+04
1.059694195312500051e+04
9.233269687500000146e+03
1.045228101562499978e+04
1.057712937500000044e+04
1.219203093749999971e+04
1.030617617187500036e+04
9.892072656250000364e+03
9.385691640625000218e+03
1.003199101562499891e+04
1.115330125000000044e+04
1.107706453125000007e+04
1.059856320312499884e+04
1.089251328124999964e+04
1.024118234374999884e+04
9.571878437499999563e+03
1.112227343750000000e+04
1.189419648437499927e+04
9.877782812499999636e+03
1.308889593749999949e+04
1.083925054687500051e+04
1.183677390625000044e+04
1.151502796874999876e+04
1.142352773437500036e+04
9.695817031249998763e+03
1.083985710937499971e+04
9.957123749999998836e+03
1.152111625000000095e+04
1.126256656250000015e+04
1.022232343749999927e+04
9.356463437500000509e+03
1.030283929687499949e+04
9.894025781250000364e+03
1.059776781250000022e+04
1.098070523437500015e+04
1.150492476562500087e+04
1.084223937499999920e+04
1.184186265624999942e+04
9.812575312499999200e+03
1.078050328125000124e+04
1.093630789062500116e+04
1.138188742187499884e+04
9.025433515624999927e+03
1.024396039062499949e+04
1.165081499999999869e+04
1.145970820312499927e+04
1.169429687499999818e+04
1.067231937500000095e+04
1.011274718749999920e+04
1.326010812500000065e+04
1.147934242187499876e+04
9.351764687499999127e+03
1.231634523437499956e+04
1.132081703124999876e+04
1.135584070312500080e+04
1.015557765624999956e+04
1.106378171875000044e+04
1.191420265624999956e+04
1.054448703125000065e+04
1.219489671875000022e+04
1.080282687499999884e+04
1.208518789062500036e+04
1.046420953125000051e+04
1.159972953125000095e+04
1.088127992187500058e+04
1.073742390624999825e+04
1.023147484375000022e+04
1.221827890624999964e+04
1.031494906249999985e+04
1.085582734375000109e+04
1.108487507812500007e+04
1.087099554687499949e+04
1.113157656249999854e+04
1.184663578125000095e+04
1.095261953125000036e+04
1.133793351562499993e+04
9.933362031250000655e+03
1.112470343749999847e+04
1.081346320312500029e+04
9.028975468749998981e+03
9.722228046874999563e+03
1.103727437500000087e+04
1.010552976562500044e+04
1.186307906250000087e+04
1.167381289062499854e+04
1.257441804687500007e+04
1.171725085937499898e+04
1.215124320312500095e+04
1.020348265624999840e+04
1.142048171875000116e+04
1.434161750000000029e+04
1.080615710937500080e+04
9.149127031250000073e+03
1.220786382812499869e+04
1.342430500000000029e+04
1.077435492187499949e+04
9.252041796874998909e+03
1.046847531250000065e+04
1.122651382812500015e+04
1.124043367187500007e+04
1.051839257812500000e+04
1.160886953125000036e+04
8.621079453125001237e+03
1.043859484374999920e+04
1.053942203125000015e+04
9.295421562499999709e+03
1.103551390624999840e+04
9.228307734375001019e+03
1.101242445312500058e+04
1.293036648437499935e+04
1.086664101562499854e+04
1.037114523437499884e+04
1.270351507812499949e+04
1.186031624999999985e+04
1.002143195312499847e+04
1.017017843750000065e+04
1.200839328124999884e+04
9.686253515624999636e+03
1.210830023437499949e+04
1.338076499999999942e+04
9.431111328125000000e+03
1.123938179687499905e+04
1.023002531249999993e+04
1.072268390624999847e+04
9.415942187500000728e+03
1.045855140625000058e+04
1.220386695312499978e+04
8.540202109375000873e+03
1.024721523437500036e+04
9.433795937499999127e+03
8.903560625000000073e+03
9.317184453124998981e+03
8.577099765625000146e+03
9.729121171875000073e+03
1.217446804687500116e+04
1.066832734375000109e+04
1.130757710937499905e+04
1.149306585937499949e+04
1.226411437499999920e+04
1.265952398437499869e+04
1.002064609375000146e+04
1.020617867187499905e+04
1.214019296874999964e+04
1.107691570312499971e+04
1.114521218749999935e+04
1.029345992187499905e+04
1.368794249999999920e+04
8.374100703125001019e+03
1.070040703125000073e+04
1.135607054687499840e+04
9.808608984374999636e+03
1.006480500000000029e+04
9.903673203125001237e+03
9.950159062499998981e+03
1.125324632812500022e+04
1.072878359375000036e+04
1.150898648437500015e+04
1.262542531250000138e+04
1.109286210937499891e+04
1.003426835937499891e+04
8.494616484374999345e+03
9.233871484374998545e+03
1.226562687499999993e+04
1.037949656250000044e+04
1.189641281249999884e+04
1.228014468750000015e+04
1.106429101562500000e+04
9.801306718750000073e+03
1.124787617187499927e+04
1.225040718750000087e+04
1.040030671875000007e+04
1.091981125000000065e+04
1.216305640624999978e+04
1.375911617187499905e+04
1.098860929687499993e+04
1.202253531250000015e+04
1.029253960937500051e+04
1.222547820312499971e+04
1.054949093749999884e+04
1.059839156249999905e+04
1.104001046874999884e+04
8.888872109375000946e+03
9.596732109375001528e+03
1.231049250000000029e+04
8.687190078125000582e+03
1.100898078124999847e+04
1.170142078125000080e+04
1.065000054687500051e+04
1.097682476562500051e+04
1.066006468750000022e+04
1.021981999999999971e+04
8.217591249999999491e+03
1.081287476562499978e+04
1.104077437499999905e+04
8.666073828124999636e+03
1.076694867187499949e+04
1.246762085937499978e+04
1.099674226562500007e+04
1.231338406250000116e+04
1.220579054687500138e+04
1.015423203124999964e+04
1.046262070312499964e+04
1.124238968749999913e+04
1.035301874999999927e+04
1.103925796875000015e+04
9.834667187499999272e+03
9.773918125000000146e+03
8.840175624999999854e+03
1.129693124999999964e+04
1.156673148437499913e+04
1.274212742187500044e+04
9.592351875000000291e+03
1.134751031250000051e+04
1.142079070312499971e+04
1.039492703125000116e+04
1.191525554687499971e+04
1.175479984374999913e+04
9.361040078125000946e+03
1.115764710937500058e+04
9.737656562500000291e+03
9.655090312500000437e+03
9.680767031249999491e+03
1.120566367187499964e+04
1.082544710937499985e+04
1.092287257812499956e+04
1.249822328125000058e+04
1.115945054687499942e+04
1.250593851562499913e+04
1.008641335937499935e+04
1.127187062499999956e+04
1.178168203125000036e+04
1.065264703125000051e+04
1.242138101562500015e+04
1.014450070312500065e+04
9.854920390625000437e+03
1.064403437499999927e+04
1.042476562499999818e+04
1.009200953124999978e+04
1.241119289062499956e+04
1.048667718749999949e+04
1.059032726562499920e+04
1.154603101562499978e+04
1.084844015624999884e+04
9.672342265625000437e+03
1.019490531249999913e+04
1.424072468750000007e+04
1.092109390625000015e+04
9.511058828125000218e+03
1.067997742187499898e+04
9.605481171875000655e+03
1.128573796874999971e+04
9.659390468749999854e+03
1.166672804687500138e+04
1.091800781250000000e+04
1.144620898437500000e+04
1.150461578124999869e+04
9.578496953125000800e+03
1.053637507812500007e+04
1.175734710937500131e+04
9.522876718749999782e+03
1.088992499999999927e+04
1.022047523437499876e+04
1.067639445312499993e+04
1.060117718749999949e+04
1.271479132812499847e+04
1.025985523437499978e+04
1.069007203124999978e+04
1.101308437500000036e+04
1.198389054687499811e+04
1.020750906249999935e+04
9.836070078124999782e+03
9.729085937500000000e+03
1.155581187499999942e+04
1.196690179687499949e+04
8.768988593750000291e+03
1.135250851562500065e+04
8.151882187500000327e+03
1.222243210937499862e+04
9.802751562499999636e+03
1.321429437499999949e+04
1.164716812500000015e+04
1.115188218749999942e+04
1.161620617187499920e+04
1.151325890624999920e+04
1.155365656250000029e+04
1.099108601562499825e+04
1.044112679687499985e+04
1.062473679687500044e+04
1.153616710937500102e+04
1.140083882812499905e+04
1.035371585937500095e+04
1.134021953124999891e+04
1.085047718749999876e+04
9.690221796875001019e+03
1.014752578125000036e+04
1.183822062499999993e+04
9.920338593749998836e+03
9.837172499999998763e+03
1.261664679687499847e+04
1.228332617187500000e+04
8.815752031250000073e+03
1.115875148437499956e+04
1.130152320312499978e+04
9.882144921875000364e+03
1.037543484374999935e+04
1.015557859375000044e+04
1.249390984374999971e+04
1.136968515624999964e+04
1.271541687500000080e+04
1.040106390624999949e+04
1.013190937499999927e+04
8.796478281249999782e+03
1.077690695312499884e+04
1.393091585937499985e+04
1.139406875000000036e+04
1.313276765625000007e+04
1.051472000000000116e+04
1.178780367187500087e+04
1.218985367187499833e+04
1.100984093749999920e+04
1.080753328125000007e+04
1.095643140624999978e+04
1.105307289062499876e+04
1.077076437500000065e+04
1.150537968749999891e+04
1.091673179687499942e+04
9.714612968749999709e+03
1.095615101562500058e+04
1.071372031249999964e+04
1.017378710937500000e+04
1.061640164062499935e+04
1.065966609375000007e+04
1.114296054687500146e+04
1.009169578124999862e+04
9.121233906249999563e+03
1.258595656249999956e+04
1.219745734374999847e+04
1.022542382812500000e+04
9.743612265624999054e+03
1.070022109375000036e+04
1.094871046875000138e+04
1.084564304687500044e+04
1.138033867187500073e+04
1.181531523437499891e+04
1.066646859374999985e+04
1.272221085937499993e+04
1.007464601562499956e+04
1.385678000000000065e+04
8.812189140624999709e+03
9.581324609375000364e+03
1.182061765625000044e+04
1.031674671875000058e+04
1.205848882812500051e+04
9.995326015624999854e+03
9.406221406249998836e+03
9.458532343750001019e+03
1.079383757812499971e+04
1.378281023437499971e+04
1.085028648437499942e+04
1.004694460937499935e+04
1.010040851562500029e+04
1.169316765625000153e+04
9.615443203124999854e+03
1.030060382812500029e+04
9.559052499999999782e+03
1.271738242187499964e+04
8.506691953124998690e+03
1.088549140625000109e+04
1.115240093749999869e+04
9.589340234374998545e+03
1.247044945312499840e+04
1.101698968749999949e+04
1.091960523437499978e+04
1.141920851562499956e+04
1.200338171874999898e+04
9.433185546875000000e+03
1.129918289062499935e+04
1.141030695312500029e+04
8.942123437499998545e+03
1.052211757812500036e+04
1.373825937499999964e+04
1.208382796874999985e+04
1.160810757812500015e+04
1.149918273437499920e+04
1.258662796874999913e+04
9.309414843749998909e+03
1.124035070312499920e+04
9.412841796875000000e+03
9.898285859374998836e+03
1.098978515625000000e+04
1.157723804687499978e+04
1.132569023437499891e+04
1.023762515624999833e+04
8.733343124999999418e+03
1.077521039062499949e+04
1.143094726562500000e+04
1.202691265624999869e+04
1.100834749999999985e+04
1.053947546874999898e+04
9.591497421874999418e+03
9.461631796875000873e+03
1.034053421874999913e+04
1.009171390624999913e+04
1.113695812499999920e+04
1.260289859375000015e+04
1.186136054687499927e+04
1.232800390625000000e+04
1.074863812499999949e+04
1.044136999999999898e+04
9.905990624999998545e+03
1.218386554687499847e+04
1.051421929687500051e+04
1.035724734374999935e+04
1.005152890624999964e+04
1.237258624999999847e+04
1.169660187500000029e+04
8.460839296874999491e+03
1.151379968750000080e+04
1.189601421875000051e+04
1.090311335937500007e+04
1.092114828124999985e+04
9.269139296875000582e+03
1.131142046875000051e+04
8.121891953124998508e+03
1.300384523437499956e+04
9.398163828124999782e+03
1.154178523437500007e+04
9.847345390624999709e+03
1.066220859374999964e+04
1.185821249999999964e+04
1.217187687499999993e+04
1.145130156249999891e+04
8.474999453124999491e+03
1.279377273437499935e+04
9.964370703124999636e+03
1.464999874999999884e+04
9.992905625000001237e+03
1.170059492187499927e+04
9.754603359374999854e+03
1.035053156250000029e+04
1.115824414062500000e+04
1.065052414062500065e+04
1.069651031249999869e+04
9.855031015624999782e+03
9.866919531249999636e+03
1.012956140624999898e+04
1.112676617187499869e+04
1.028327656249999927e+04
1.395225250000000051e+04
1.257124999999999818e+04
1.141282937499999935e+04
9.395004296874998545e+03
1.039173890624999876e+04
1.059923078125000029e+04
1.216981125000000065e+04
9.927337656249999782e+03
1.144310476562499935e+04
1.097102640624999913e+04
1.195240117187499891e+04
9.597216640624999854e+03
1.020115468750000036e+04
1.137494656249999935e+04
9.222231874999999491e+03
9.276981328125000800e+03
1.127604101562499818e+04
8.577973359374998836e+03
9.549127578125000582e+03
8.644665703124999709e+03
1.077353187499999876e+04
1.052415851562500029e+04
1.047912500000000000e+04
1.280781460937500015e+04
9.591460234375001164e+03
1.067420765624999876e+04
1.007277015624999876e+04
1.451659968749999825e+04
8.478541406250000364e+03
9.746811875000001237e+03
1.160182476562500051e+04
1.128074171875000138e+04
1.061472320312499869e+04
1.091728593750000073e+04
1.435837648437499956e+04
9.036962499999999636e+03
1.165409085937499913e+04
8.706975000000000364e+03
8.860511796875000073e+03
1.329147718750000058e+04
1.391992757812499985e+04
1.136836242187499920e+04
1.109389398437499949e+04
1.139299109374999898e+04
1.149470804687499913e+04
1.092103382812499876e+04
1.310682679687499876e+04
1.177087687499999993e+04
1.253593828125000073e+04
1.262023640624999825e+04
1.131169601562499884e+04
1.024309632812500058e+04
1.215080734374999884e+04
1.177398015624999971e+04
9.719985937499999636e+03
1.312392046875000051e+04
1.263706874999999854e+04
1.227763460937499985e+04
1.118983648437500051e+04
9.776648515625000073e+03
1.182195851562500138e+04
1.037424656250000044e+04
1.138659671875000095e+04
1.335404109375000007e+04
1.442370796874999905e+04
1.414405539062500065e+04
1.287352179687500029e+04
1.231408500000000095e+04
1.290449429687500015e+04
1.278770921875000022e+04
1.292361546875000022e+04
1.237807085937500051e+04
1.332512374999999884e+04
1.427939226562499971e+04
1.091299531249999927e+04
1.341735937500000000e+04
1.022285078124999927e+04
1.041083335937499942e+04
1.099852375000000029e+04
1.120005320312500044e+04
1.264787765624999884e+04
1.173159312499999942e+04
1.200174906249999913e+04
1.380479242187499949e+04
1.216711140624999825e+04
1.301460554687500007e+04
1.306516835937500036e+04
1.172416976562499985e+04
1.016719242187500095e+04
1.317634296874999927e+04
1.103719523437499993e+04
1.293881414062499971e+04
1.224800296875000095e+04
1.427110289062499942e+04
1.122545812499999920e+04
1.041200062499999876e+04
1.102125929687499956e+04
1.014023492187500051e+04
1.181015781249999964e+04
1.010782429687500007e+04
1.294676398437500029e+04
1.274756906250000065e+04
1.143540671875000044e+04
1.024306296874999862e+04
1.046502117187499971e+04
9.260506640624998909e+03
1.455414374999999927e+04
1.164584632812499876e+04
1.259665773437499956e+04
1.266014859375000015e+04
1.231160070312499920e+04
1.209174250000000029e+04
1.429325960937499985e+04
1.181652929687500000e+04
1.345108124999999927e+04
1.109988500000000022e+04
1.283341695312500087e+04
1.271336367187499854e+04
1.143887140625000029e+04
1.418849187499999971e+04
1.392562007812499905e+04
1.099466992187500000e+04
1.221593476562500109e+04
1.114501289062500109e+04
1.028856085937500029e+04
1.246536257812499935e+04
1.070194437499999913e+04
9.919382109374999345e+03
1.501027390624999862e+04
1.368352031250000073e+04
1.342568585937499847e+04
1.080697437499999978e+04
1.057487109375000000e+04
1.228662109375000000e+04
1.006024453124999854e+04
9.336690937499999563e+03
1.350305750000000080e+04
1.372585585937500036e+04
1.278921796874999927e+04
1.183271601562499927e+04
9.676712031249999200e+03
1.083061312499999985e+04
1.157865429687500000e+04
1.191605757812500087e+04
1.334999656249999862e+04
1.181739328125000065e+04
1.238911820312499913e+04
1.237275601562500015e+04
1.235591601562500000e+04
1.314874554687499949e+04
1.374760148437499993e+04
1.193243312499999956e+04
1.312314609374999964e+04
1.225641437500000029e+04
1.146799851562500044e+04
1.353413101562500015e+04
1.386278726562500015e+04
1.222940257812500022e+04
1.341943546874999993e+04
1.062601562500000000e+04
1.319397640624999985e+04
1.228501796874999854e+04
1.075983617187499840e+04
1.053485679687499942e+04
1.122329234374999942e+04
1.070636367187500036e+04
1.250441265625000051e+04
1.152241898437499913e+04
1.155510046874999898e+04
1.262643054687499898e+04
1.269797226562499964e+04
1.135414507812500051e+04
1.264564039062499978e+04
1.450120257812499949e+04
1.172681429687499985e+04
1.152119156250000015e+04
1.454837132812500022e+04
1.123527906249999978e+04
9.724972734374998254e+03
1.484208593750000000e+04
1.235087398437499905e+04
1.181837656249999964e+04
1.121957109374999891e+04
1.106072804687500138e+04
1.167138671875000000e+04
1.222156999999999971e+04
1.245075703124999927e+04
1.270170210937500087e+04
1.285959914062500138e+04
1.159810445312499905e+04
1.401838687499999833e+04
9.725409531249999418e+03
1.227575015625000015e+04
1.196123406250000153e+04
1.301654531250000036e+04
1.486001781250000022e+04
1.260547257812499811e+04
1.346924687499999891e+04
1.415721320312500029e+04
1.282092765624999993e+04
1.082306765624999935e+04
1.454440304687500065e+04
1.218882656249999854e+04
1.323318289062500116e+04
1.063068867187499927e+04
1.170029929687500044e+04
1.401059054687499884e+04
1.508316132812499927e+04
1.075079062499999964e+04
1.180922320312500051e+04
1.356259062500000073e+04
1.424186039062499913e+04
1.273345562499999869e+04
1.279373171874999935e+04
8.589346875000001091e+03
1.216548156249999920e+04
1.162177273437499935e+04
8.745619765624998763e+03
1.368171882812500007e+04
1.066602992187499876e+04
1.281221195312500095e+04
1.253884414062500036e+04
1.219008156249999956e+04
1.273538015625000116e+04
1.190729906250000022e+04
1.305041023437500007e+04
1.205464648437500000e+04
1.385791874999999891e+04
1.092623710937500073e+04
1.355662632812499942e+04
1.453255093750000015e+04
9.643156015624999782e+03
1.221656703124999876e+04
1.290703679687499971e+04
1.408967968750000000e+04
1.121077632812499905e+04
1.207026484374999927e+04
9.913740156249999927e+03
1.210688781249999920e+04
1.087862015624999913e+04
1.024646000000000095e+04
1.257748124999999891e+04
1.448628328125000007e+04
9.683141718750001019e+03
1.460875414062500022e+04
1.237902640625000095e+04
1.197481445312499818e+04
1.127229406249999920e+04
1.117309093749999920e+04
1.293577382812500036e+04
1.165768718749999971e+04
1.038816257812500044e+04
9.161370312500001091e+03
1.088710593749999862e+04
1.074662968750000073e+04
1.421358203125000000e+04
1.442510890624999956e+04
1.350524617187499825e+04
1.228204539062499862e+04
9.319828984375000800e+03
1.301475140624999949e+04
1.169196984374999920e+04
1.127993007812500036e+04
1.448906234374999985e+04
1.211403273437499956e+04
1.151368140624999978e+04
1.225094796874999884e+04
1.274330523437500051e+04
1.305553718750000007e+04
1.207654765624999891e+04
1.094447992187499949e+04
1.309842773437500000e+04
1.227028179687500051e+04
1.147707460937500036e+04
1.200474640625000029e+04
1.187962531250000029e+04
1.358938695312500022e+04
1.235296539062500051e+04
1.235139273437500015e+04
1.295368000000000029e+04
1.177674578124999971e+04
1.038904289062499993e+04
9.736588515624998763e+03
1.255893898437499956e+04
1.279042531249999956e+04
1.321189304687499862e+04
1.059929085937499985e+04
1.427061750000000029e+04
1.141029929687499862e+04
1.377830984374999935e+04
1.092002773437499854e+04
1.220074460937500044e+04
1.078638265624999985e+04
1.253456398437499956e+04
1.247272296875000029e+04
1.324600218750000022e+04
1.115931984374999956e+04
1.332868859374999920e+04
1.182238671875000000e+04
1.189442445312499876e+04
1.158155343750000065e+04
1.285639187499999935e+04
1.403669929687500007e+04
1.314990999999999985e+04
1.437039664062500015e+04
1.164625359374999971e+04
1.170701499999999942e+04
1.419178390625000065e+04
1.353652570312499847e+04
1.273864554687500095e+04
1.395033359374999964e+04
1.012635992187500051e+04
1.115125273437499891e+04
1.121587468749999971e+04
1.184112265624999964e+04
1.299572374999999920e+04
1.333057304687499891e+04
1.102513312500000029e+04
1.047834585937500015e+04
1.223544218750000073e+04
1.473292062500000065e+04
1.105024242187500022e+04
1.247086718750000000e+04
1.139262578125000073e+04
9.644214609374999782e+03
1.099294851562500116e+04
1.325112914062500022e+04
1.259687515625000015e+04
1.052240945312499935e+04
1.191992374999999993e+04
1.189885710937499971e+04
1.194670296874999985e+04
1.462685203124999862e+04
1.152802374999999847e+04
1.230014898437499869e+04
1.381822773437499927e+04
1.245933531249999942e+04
1.074342820312499862e+04
1.368910406250000051e+04
1.204396343750000051e+04
1.103459929687499971e+04
1.096511937500000022e+04
1.183008476562499891e+04
1.112456890624999869e+04
1.378339289062500029e+04
1.219272234374999971e+04
1.195687960937499884e+04
1.284425164062499971e+04
1.372902109374999964e+04
1.155342390625000007e+04
1.199296476562499993e+04
1.286466023437500007e+04
1.345153046875000109e+04
1.234404468749999978e+04
1.268594742187499833e+04
1.108624554687499949e+04
1.223301789062500029e+04
9.790852578124999127e+03
1.524546812499999942e+04
1.047292617187500036e+04
1.190781023437499971e+04
1.317978953125000044e+04
1.108829687499999818e+04
1.064581492187499862e+04
1.086267664062500080e+04
1.198663898437500029e+04
1.077949523437499920e+04
1.274035265624999920e+04
1.313306906250000065e+04
1.265204523437500029e+04
1.315467164062499978e+04
1.087717148437499964e+04
1.110551929687499978e+04
1.369655609375000131e+04
1.381966398437499993e+04
1.048600765624999985e+04
1.189359664062500087e+04
1.237165164062499935e+04
1.276390078124999854e+04
1.089558601562500007e+04
1.330808351562499956e+04
1.102084921874999964e+04
1.030096054687499964e+04
1.273645593750000080e+04
9.510410312500000146e+03
1.279890156249999927e+04
1.270184132812500138e+04
1.367505929687500065e+04
1.190938664062499993e+04
1.194025132812499942e+04
1.171329500000000007e+04
1.471121117187500022e+04
1.408958437499999854e+04
1.269161031249999905e+04
9.433913203124999200e+03
1.010376070312499905e+04
1.089379312500000015e+04
1.405100437499999862e+04
1.160176757812499818e+04
1.182777312499999971e+04
1.007110687499999949e+04
1.408899781249999978e+04
1.447563171874999898e+04
1.110637570312499884e+04
1.243497179687500102e+04
1.098543835937499898e+04
1.207419679687499956e+04
1.341987796875000095e+04
9.936681718750000073e+03
1.324404906250000022e+04
9.752689374999998108e+03
8.145509687500000837e+03
1.209198664062500029e+04
1.174524023437500000e+04
1.104124257812500036e+04
9.754569062499998836e+03
1.268214890624999862e+04
1.061441898437499913e+04
1.107793523437499971e+04
1.277811718750000000e+04
1.369627382812499854e+04
1.127157874999999876e+04
1.067235374999999840e+04
1.196312234374999935e+04
1.163456820312499985e+04
1.345547867187499833e+04
1.080462359374999869e+04
1.367608257812499869e+04
1.325409218749999854e+04
1.315793796874999862e+04
1.272806929687500087e+04
1.044026085937499920e+04
1.244681835937500000e+04
1.300095937500000036e+04
9.725180624999999054e+03
9.676779765624998618e+03
1.449644851562499935e+04
1.206651210937499854e+04
1.415453156250000029e+04
1.183129218750000109e+04
1.133694648437499927e+04
1.366856765624999935e+04
1.186677078125000116e+04
1.052720734375000029e+04
1.064601898437500131e+04
1.213140679687500051e+04
1.285095406249999905e+04
1.404063796874999935e+04
1.513410374999999840e+04
1.145548343749999913e+04
1.196529195312499905e+04
1.279750921874999949e+04
1.041501523437499964e+04
1.323759648437500073e+04
1.266277023437499884e+04
1.149305156249999891e+04
1.259615992187499978e+04
1.312522890624999854e+04
1.262723445312500007e+04
1.422737882812499993e+04
1.219596671874999993e+04
1.492816445312499854e+04
1.179160593750000044e+04
1.404255687500000022e+04
9.958134687499999927e+03
1.123087695312500000e+04
9.473265625000000000e+03
1.185382554687499942e+04
1.286348531249999905e+04
1.167104242187499949e+04
1.268666460937500051e+04
1.400263976562499920e+04
1.245701406250000036e+04
8.550293906249999054e+03
1.210346601562499927e+04
1.241036796875000073e+04
1.354404531250000036e+04
1.161481281250000029e+04
1.181121343749999869e+04
1.129468632812499891e+04
1.486828039062499920e+04
9.770706171874999200e+03
1.103229906250000022e+04
1.164088726562500051e+04
1.411036203125000065e+04
1.012433812500000022e+04
1.221975421874999847e+04
1.153887937500000044e+04
1.206837367187499876e+04
1.227262874999999985e+04
1.175569632812499913e+04
1.201936343749999833e+04
1.237707140624999920e+04
1.206142421875000036e+04
1.204373648437500015e+04
1.409513375000000087e+04
1.319676304687499942e+04
1.273551749999999993e+04
1.092319968750000044e+04
1.164679624999999942e+04
1.168540953124999942e+04
1.239536476562499956e+04
9.490408906249998836e+03
1.048960015625000051e+04
1.291885757812499833e+04
1.168814374999999927e+04
1.424330046874999971e+04
9.469430937499999345e+03
8.962495781249999709e+03
1.169482898437500080e+04
1.210437203124999905e+04
1.040864179687499927e+04
1.397252273437499935e+04
1.335330679687500015e+04
9.416767109374999563e+03
1.280665109375000065e+04
1.252682398437499978e+04
1.109781742187499913e+04
9.319856640624999272e+03
1.094001195312499840e+04
1.098973656249999840e+04
1.328968906249999964e+04
1.282689187499999935e+04
1.478330039062499964e+04
1.145459648437499891e+04
1.134840390624999964e+04
1.150759695312500116e+04
1.087526414062499862e+04
1.291589929687500080e+04
1.129266835937500036e+04
1.222310921874999985e+04
1.136200335937499949e+04
1.436078164062499854e+04
1.349016664062500058e+04
1.092233749999999964e+04
1.073095515625000007e+04
1.237399195312499978e+04
1.264658257812500051e+04
1.163861562500000036e+04
1.023044296874999964e+04
1.319794367187500029e+04
1.362496093749999818e+04
1.329360101562499949e+04
1.444489195312499942e+04
1.085631656250000015e+04
1.456739531250000073e+04
1.222918132812499971e+04
1.176598546874999920e+04
1.093273164062500109e+04
1.064785960937500022e+04
1.280740640624999833e+04
1.384415531249999913e+04
1.046596429687500131e+04
1.316054343749999862e+04
1.167633914062499935e+04
1.204555890624999847e+04
1.224717429687500044e+04
1.197325609375000022e+04
1.139154531250000036e+04
1.190585898437499964e+04
1.190357781249999971e+04
1.023982617187500000e+04
1.175112249999999949e+04
1.179191875000000073e+04
1.201556015624999964e+04
1.061267945312499978e+04
1.079305265624999993e+04
1.223120976562499891e+04
1.316650578124999993e+04
1.272113132812500044e+04
1.295269585937500051e+04
1.474734976562500015e+04
1.091806312499999876e+04
1.239611812499999905e+04
1.365683078124999884e+04
1.297558304687499913e+04
1.198355960937499913e+04
1.024009992187500029e+04
1.323678492187499978e+04
1.244681835937500000e+04
1.403509437499999876e+04
1.192413804687499942e+04
1.018186757812500036e+04
9.692374218749999272e+03
1.326902960937500029e+04
1.217904570312500073e+04
1.231128499999999985e+04
1.224555015624999942e+04
1.149100875000000087e+04
1.231577874999999949e+04
1.204037570312499884e+04
1.159648796875000153e+04
1.041614148437500080e+04
1.085991289062500073e+04
1.347420406249999905e+04
1.184725093749999905e+04
1.433820632812499935e+04
1.090865234374999818e+04
1.367596437499999956e+04
1.202120398437499898e+04
1.163174531249999927e+04
1.035685726562499985e+04
1.088401890625000124e+04
1.462391749999999956e+04
1.052190015624999978e+04
1.309267906249999942e+04
1.348899367187500138e+04
1.528045843749999949e+04
1.293201445312499891e+04
1.350192640625000058e+04
1.427872374999999920e+04
1.181987765625000065e+04
1.194067382812500000e+04
1.200754546874999869e+04
1.149797820312499971e+04
1.092450140624999949e+04
1.158906937499999913e+04
1.078286460937499942e+04
1.063927648437499920e+04
1.150126554687499993e+04
1.328961750000000029e+04
1.168782140624999920e+04
1.091623593749999964e+04
1.179230687499999840e+04
1.235673999999999978e+04
1.311497593749999942e+04
1.524482250000000022e+04
1.446018507812499956e+04
1.412855718750000051e+04
1.096054648437499964e+04
1.300343226562499876e+04
1.139565273437500036e+04
1.010822484375000022e+04
1.234846687500000007e+04
1.273976898437500131e+04
1.000491710937500102e+04
1.471385671874999935e+04
1.257249257812500036e+04
1.296868039062499884e+04
1.384531976562499949e+04
1.255889609374999964e+04
1.009125515624999935e+04
1.299556445312500000e+04
1.375716874999999891e+04
1.002826117187499949e+04
9.782203671874998690e+03
1.394412421874999927e+04
1.261506937499999913e+04
1.238588906250000036e+04
1.150054070312500153e+04
1.061668109374999949e+04
1.290972234374999971e+04
1.290106109375000051e+04
1.480594632812499913e+04
1.225470734375000029e+04
1.264838882812500015e+04
9.804801953125001091e+03
1.135474773437499971e+04
1.102205179687499913e+04
1.400745585937499891e+04
1.100091554687499956e+04
1.070916656250000051e+04
1.157919882812499964e+04
1.419185445312499905e+04
1.202761648437500116e+04
1.318714429687499978e+04
1.331578828125000109e+04
1.372433281250000073e+04
1.342262367187499876e+04
1.555252359374999833e+04
1.183059593750000022e+04
1.419472984374999942e+04
1.269800093749999905e+04
1.188046265624999978e+04
1.128938390624999920e+04
1.401386453124999935e+04
1.009863093750000007e+04
1.281934070312500080e+04
1.104949382812499971e+04
1.074886414062500080e+04
1.061643124999999964e+04
1.132964226562500153e+04
1.165240093749999869e+04
1.149244117187499978e+04
1.359264945312500095e+04
1.375710109374999956e+04
1.349060249999999905e+04
1.271841625000000022e+04
1.150240710937499898e+04
1.166143320312499964e+04
1.198874281250000058e+04
1.366375164062499971e+04
1.349347304687499854e+04
1.249888515624999854e+04
9.801461249999998472e+03
1.125382992187499985e+04
1.338817023437500029e+04
1.054601953125000000e+04
1.189223289062499862e+04
1.205712984374999905e+04
1.162163257812499978e+04
1.251338195312499920e+04
1.132311914062500000e+04
1.338403414062499905e+04
1.170528796874999898e+04
1.560346125000000029e+04
9.517422656249998909e+03
1.369783687499999905e+04
1.302272226562499964e+04
1.307519820312499905e+04
1.144606968749999942e+04
1.147840312499999891e+04
1.249818804687500051e+04
1.198568249999999898e+04
1.492493250000000080e+04
1.337910750000000007e+04
1.300511359375000029e+04
1.091038320312500036e+04
1.551342000000000007e+04
1.374689007812499949e+04
1.182763960937499905e+04
1.200595374999999876e+04
1.252324296875000073e+04
1.283921906250000029e+04
1.101971531250000044e+04
1.250493906249999964e+04
8.539994218750000073e+03
1.343101789062500029e+04
1.063009070312499898e+04
1.240626999999999862e+04
9.953569375000000946e+03
1.326290796874999978e+04
1.198174570312499964e+04
1.295095445312499942e+04
1.114504148437499862e+04
8.644682890625001164e+03
1.419906804687499971e+04
1.289377882812500138e+04
9.835206015624999054e+03
1.262660406250000051e+04
1.229094507812499978e+04
1.287829210937499920e+04
1.166053296874999978e+04
1.196630859375000000e+04
1.286375617187500029e+04
1.350566289062500073e+04
1.144865609374999985e+04
1.571924687499999891e+04
9.521471953124999345e+03
1.152462101562499993e+04
1.068727875000000131e+04
1.145032593749999978e+04
1.072480296875000022e+04
1.281122210937499949e+04
1.219436648437499935e+04
1.422587296874999993e+04
1.094241812500000015e+04
1.119547656250000000e+04
1.183043859374999920e+04
1.340062812500000109e+04
1.178593156249999993e+04
1.078213023437499942e+04
1.001411249999999927e+04
1.049147414062499956e+04
1.252098273437500029e+04
1.332301999999999862e+04
1.363573742187499920e+04
1.271420570312499876e+04
1.018217085937500087e+04
1.144785499999999956e+04
1.179073523437499898e+04
1.122942062499999884e+04
1.295525171874999978e+04
1.060742851562499891e+04
1.203493312499999956e+04
1.225808046875000036e+04
1.294651796874999854e+04
8.945367812500000582e+03
1.000868414062500051e+04
1.135379312499999833e+04
1.120389554687499913e+04
1.175313953124999898e+04
1.243701078125000095e+04
1.234080406249999942e+04
1.246987632812499942e+04
1.329276085937500102e+04
9.133799531250000655e+03
1.077375695312499920e+04
1.048696328125000036e+04
1.100159929687499971e+04
1.378207304687500073e+04
1.128514671874999840e+04
1.321577070312499927e+04
1.347389695312499862e+04
1.389647195312499935e+04
1.120585539062499993e+04
9.190836875000000873e+03
1.211283304687499913e+04
1.166526218749999862e+04
1.241681101562499862e+04
9.456485781249999491e+03
1.038893226562499876e+04
1.074829765624999891e+04
1.408125398437500007e+04
1.517633437499999854e+04
1.327408218749999833e+04
1.240104195312500087e+04
1.128863523437500044e+04
1.310243507812499956e+04
1.239717867187500087e+04
1.012081148437500087e+04
1.247654148437499862e+04
1.228636070312499942e+04
1.199768640625000080e+04
1.230578421875000095e+04
1.253666499999999905e+04
1.243055531249999876e+04
1.095721718749999854e+04
1.238149359374999949e+04
9.652521171874999709e+03
1.123032757812499949e+04
1.198968312500000138e+04
1.125770476562499971e+04
1.197319890624999971e+04
1.288240718749999905e+04
1.211422156249999898e+04
1.080379773437499898e+04
1.160271835937499964e+04
1.368300343749999956e+04
8.947177890625000146e+03
9.703557968749999418e+03
1.191035648437500095e+04
1.207430078125000000e+04
1.364048382812499949e+04
1.160105992187500124e+04
1.249142835937500058e+04
1.445921132812500036e+04
1.345275499999999920e+04
1.124121187499999905e+04
1.092523859375000029e+04
1.279687789062499905e+04
1.574289906249999876e+04
1.249982929687499927e+04
1.258670046874999935e+04
1.181691929687499942e+04
1.234774874999999884e+04
1.218436046875000102e+04
1.285733796875000007e+04
8.680785156250000000e+03
1.130415531250000095e+04
1.424376499999999942e+04
1.222722242187499978e+04
1.060273554687499927e+04
1.065263460937499985e+04
1.376327515624999978e+04
1.067943000000000029e+04
9.861513124999999491e+03
1.082476898437499949e+04
9.568318359375000000e+03
1.230253312499999993e+04
1.184170914062499833e+04
1.060243414062500051e+04
1.234116554687499956e+04
1.112056156250000095e+04
1.430849937499999942e+04
1.295064734374999898e+04
1.546542062500000065e+04
1.237765312500000073e+04
1.371162507812500007e+04
1.169524382812499971e+04
1.187514687500000036e+04
1.147177890624999964e+04
1.212718390625000029e+04
1.072672937499999898e+04
1.338851359374999993e+04
1.055909445312500065e+04
1.115872765625000102e+04
1.238864328124999884e+04
1.196400734374999956e+04
1.163878437499999927e+04
9.970199609374998545e+03
1.472035218749999876e+04
1.491614812499999971e+04
1.252950289062500087e+04
1.085028742187500029e+04
1.137276265624999905e+04
1.314613343749999876e+04
1.129735468749999927e+04
1.460877992187499876e+04
1.107215789062499971e+04
1.365190507812500073e+04
1.499471851562499978e+04
1.292016124999999920e+04
9.176680546874998981e+03
1.306317328124999949e+04
1.012981031249999978e+04
1.390015507812499891e+04
1.237451937499999985e+04
9.734678281250000509e+03
1.132844351562500015e+04
1.508909796875000029e+04
1.119937039062500116e+04
1.171784874999999920e+04
1.085442164062499978e+04
1.307368656250000095e+04
1.186445140625000022e+04
1.213787367187500058e+04
1.318313882812499833e+04
1.077819539062499825e+04
1.020474531249999927e+04
1.186407187499999964e+04
1.269239523437500065e+04
1.146677304687499964e+04
1.211274625000000015e+04
1.335076812500000051e+04
1.138657953124999949e+04
1.273121742187499876e+04
1.423091218750000007e+04
1.443648624999999993e+04
1.459079554687500058e+04
1.294589999999999964e+04
1.373118781250000029e+04
1.332720187500000065e+04
1.357279398437499913e+04
1.062459656250000080e+04
1.283903976562499884e+04
1.181091406250000000e+04
1.355776312499999949e+04
1.188205718749999869e+04
1.400327968749999854e+04
1.123626617187500051e+04
1.460985085937499935e+04
1.248600390625000000e+04
1.261189749999999913e+04
1.365015031249999811e+04
1.565830234374999964e+04
1.367634484374999920e+04
1.193138023437499942e+04
1.118723585937500138e+04
1.279101945312499811e+04
1.482528687499999978e+04
1.538631437499999993e+04
1.465241046875000029e+04
9.936636953124998399e+03
1.135595414062499913e+04
1.156805226562500138e+04
1.291589734375000080e+04
1.190966890624999905e+04
1.391663929687499876e+04
1.169478515624999818e+04
1.302825835937500051e+04
1.196472359374999905e+04
1.354736140624999825e+04
1.350777437500000087e+04
1.407657625000000007e+04
1.469035437499999898e+04
1.541172789062499942e+04
1.142913249999999971e+04
1.245556546875000095e+04
9.877645468749999054e+03
1.154785062500000095e+04
8.980903593749999345e+03
9.586161640625001382e+03
1.337087343750000036e+04
1.244967273437499898e+04
1.417830851562499993e+04
9.503994921874998909e+03
1.533676531249999971e+04
1.417709445312499884e+04
1.210919093749999956e+04
1.412711617187500087e+04
1.484379101562500000e+04
1.092386914062500000e+04
1.458670421875000102e+04
1.239741421875000015e+04
1.345278453124999942e+04
1.264066695312500087e+04
1.187636374999999862e+04
1.274956609374999971e+04
1.468248750000000109e+04
1.488518523437499971e+04
1.226223085937500036e+04
1.448739335937499891e+04
1.273262976562499898e+04
9.752405156249998981e+03
1.106155109374999847e+04
1.110804937500000051e+04
1.279694460937499935e+04
1.291990664062499854e+04
1.285122015624999949e+04
1.495070554687499862e+04
1.215654179687500073e+04
9.890016562499999054e+03
1.301061632812499920e+04
1.319919109374999971e+04
1.577222539062499891e+04
1.239559937499999978e+04
1.177476499999999942e+04
1.209571554687500065e+04
1.527981468750000022e+04
1.117971039062500131e+04
1.187472531250000065e+04
1.099480249999999978e+04
9.686197265624998181e+03
1.075287437499999942e+04
1.184901234374999876e+04
1.587322234374999971e+04
1.316843124999999964e+04
1.517569921874999818e+04
1.271860882812499949e+04
1.312324812500000007e+04
1.255793187499999840e+04
1.551693054687500080e+04
1.495318031250000058e+04
1.057882882812499884e+04
1.292750265625000065e+04
1.309458445312500044e+04
1.334716609374999825e+04
9.600116718749999563e+03
1.081693648437500087e+04
1.138407132812499913e+04
1.166713140625000051e+04
1.179588703125000029e+04
1.140603828124999927e+04
1.275449374999999964e+04
1.218853187500000058e+04
1.218646718750000036e+04
1.365425109374999920e+04
1.270433046874999854e+04
1.241996289062500000e+04
1.125518992187499862e+04
9.871876718749999782e+03
1.423620031249999920e+04
1.332197664062500007e+04
1.045559406249999847e+04
1.216592023437499847e+04
1.531066132812500109e+04
1.144336796874999891e+04
1.312713148437500058e+04
1.079103281249999964e+04
1.572731687499999862e+04
1.233374789062499985e+04
1.190900710937500116e+04
9.769573203125000873e+03
1.107020953125000051e+04
1.048010734374999993e+04
1.145320320312500007e+04
1.284523484374999862e+04
1.479615781249999964e+04
1.389302250000000095e+04
1.235904789062499913e+04
1.507419492187499964e+04
1.223646070312499978e+04
1.557574281249999876e+04
1.192701718749999964e+04
1.398248859375000029e+04
1.272796914062499854e+04
8.302475937500001237e+03
1.411942289062499913e+04
1.324616812500000015e+04
1.102277085937499942e+04
1.288998695312499876e+04
1.104376124999999956e+04
1.445518210937500044e+04
1.239515687499999876e+04
1.396534921874999964e+04
1.330344578124999862e+04
1.139367296874999920e+04
1.301264664062500015e+04
1.180645273437499964e+04
1.062585453125000095e+04
1.430528164062499854e+04
1.428116515624999920e+04
1.082160093749999942e+04
1.250765320312500080e+04
1.255919929687500007e+04
1.437562273437499971e+04
1.493513296875000015e+04
1.151071164062500065e+04
1.286534117187499942e+04
1.237759210937500029e+04
1.103623007812499964e+04
8.764613124999999854e+03
1.419078734374999840e+04
1.346400546874999964e+04
9.803153046874998836e+03
1.290936085937500138e+04
1.396416570312499971e+04
1.265602687499999956e+04
1.385539242187499985e+04
1.185157585937499971e+04
1.227997585937499935e+04
1.322907640625000022e+04
1.228241828124999847e+04
1.415618609374999869e+04
1.582011124999999993e+04
1.556381703125000058e+04
1.360384179687500000e+04
1.105838203124999927e+04
1.412340164062499935e+04
1.178257468750000044e+04
1.042274953124999956e+04
1.439962671874999978e+04
1.189815906249999898e+04
1.269998453124999833e+04
1.019158648437499869e+04
1.348742484375000095e+04
1.409035679687499942e+04
1.311102101562500138e+04
1.070605085937500007e+04
1.281757257812500029e+04
1.165514562499999920e+04
1.356763648437499978e+04
1.567093468750000102e+04
1.234310242187500080e+04
1.210675242187499862e+04
1.447446539062499869e+04
1.472008898437499920e+04
1.197202398437499869e+04
1.506800554687499971e+04
1.541818617187499876e+04
1.346151539062499978e+04
1.463209531249999964e+04
1.091854093749999993e+04
1.368840601562499978e+04
1.248159218750000036e+04
1.171034812499999862e+04
1.519845867187499971e+04
1.400165749999999935e+04
1.520632835937500022e+04
9.761755937500000073e+03
1.032317734374999964e+04
1.387838843749999978e+04
1.124467945312499978e+04
1.103927898437499971e+04
1.077339843749999818e+04
1.242130085937500007e+04
1.212051007812499847e+04
1.142451382812500015e+04
1.163594242187500095e+04
1.442271039062499949e+04
1.367739484374999847e+04
1.403242874999999913e+04
1.116580203124999935e+04
1.455254265624999971e+04
1.219354054687500138e+04
1.054871460937499978e+04
1.378866960937499971e+04
1.388978382812499876e+04
1.457778835937500116e+04
1.414161968750000051e+04
1.075232312500000080e+04
1.232394218750000073e+04
1.076303765625000051e+04
1.388399031250000007e+04
1.367438695312499840e+04
1.295201203125000029e+04
1.394099804687500000e+04
1.251806734374999905e+04
1.233590320312499898e+04
1.469071195312499913e+04
1.350873945312499927e+04
1.536955070312499993e+04
1.464747234374999971e+04
1.364523601562499971e+04
1.265447804687500138e+04
1.418680859375000000e+04
1.125043390625000029e+04
1.390153499999999985e+04
1.257221890625000015e+04
1.217760179687500022e+04
1.510212609374999920e+04
1.092100046875000044e+04
1.272377492187499956e+04
1.285617164062499978e+04
1.391478445312499935e+04
1.590645312500000000e+04
1.184834476562500095e+04
1.282732101562499884e+04
1.373329546875000051e+04
1.193730828125000153e+04
9.434270859374999418e+03
1.464238265624999985e+04
9.672918281250000291e+03
1.387342640624999876e+04
1.409355546875000073e+04
1.096350195312500000e+04
1.550128265624999949e+04
1.313426210937499854e+04
1.065051554687499993e+04
1.179914664062500015e+04
1.364461710937499993e+04
1.130067539062500146e+04
1.263019749999999840e+04
1.545112421874999927e+04
1.085373500000000058e+04
1.395691492187500080e+04
1.618422125000000051e+04
1.161173054687500007e+04
1.492734718749999956e+04
1.360605242187499971e+04
1.491802976562500044e+04
1.518345929687500029e+04
1.381265453125000022e+04
1.196450140624999949e+04
1.158271601562499927e+04
1.337740234374999818e+04
1.063217257812499884e+04
1.598651124999999956e+04
1.355961609374999898e+04
1.382770828124999935e+04
1.285006812499999978e+04
1.270558070312499876e+04
1.438913249999999971e+04
1.189855382812499920e+04
1.052525234374999854e+04
1.002104757812499884e+04
1.304261015624999891e+04
1.530726148437499978e+04
1.252614687500000036e+04
1.472285843749999913e+04
9.255214687499999854e+03
1.333860304687500138e+04
1.089428046875000109e+04
1.285461710937499993e+04
1.122217656249999891e+04
1.425456140624999898e+04
1.384764101562499854e+04
1.093070312500000000e+04
1.377573875000000044e+04
9.824089062500001091e+03
1.475927828124999905e+04
1.384274101562500073e+04
9.439953828125000655e+03
1.288488007812500109e+04
1.425100804687500022e+04
1.090148734375000095e+04
1.418657585937499971e+04
1.435965820312500000e+04
1.194090937499999927e+04
1.214756296875000044e+04
1.516876984375000029e+04
1.467490867187500044e+04
1.345726203125000029e+04
1.254876992187499854e+04
1.178574749999999949e+04
1.449113085937500000e+04
1.286322781249999935e+04
1.399779703125000015e+04
1.252762601562499913e+04
1.365692710937499942e+04
1.169580742187499891e+04
1.586068062500000087e+04
1.225783921874999942e+04
1.086212445312499949e+04
1.439238929687500058e+04
1.366010859374999927e+04
1.260115054687499833e+04
1.537411593749999884e+04
1.223953054687500116e+04
9.144310000000001310e+03
1.275178812499999913e+04
1.367551039062499876e+04
1.241505046874999971e+04
1.422810742187500000e+04
1.289177039062499898e+04
1.250083062500000051e+04
9.449232109374999709e+03
1.058516312499999913e+04
1.245260046874999898e+04
1.352044109374999971e+04
1.063648124999999891e+04
1.511918546874999993e+04
1.003950312499999927e+04
1.106681921874999898e+04
1.321353242187499927e+04
1.002157781249999971e+04
1.093455890625000029e+04
1.232400796874999833e+04
1.187208554687499964e+04
1.365658374999999978e+04
1.309872624999999971e+04
1.244305992187499942e+04
1.193991374999999971e+04
1.330899718749999920e+04
1.153956984374999956e+04
1.238214304687499862e+04
1.484591781249999985e+04
1.377798367187500116e+04
1.179713914062499862e+04
1.427358820312499847e+04
1.127006624999999985e+04
1.141823765624999942e+04
1.083984945312499985e+04
1.271106148437499905e+04
1.429010679687499942e+04
1.493009468750000087e+04
1.323982999999999993e+04
1.010643765625000015e+04
1.245314601562499956e+04
1.153594109375000153e+04
1.211546804687499935e+04
1.459294601562499884e+04
1.248075679687499905e+04
1.048356531249999898e+04
1.239104273437499978e+04
1.353249648437500036e+04
1.178791523437499927e+04
1.371623703124999884e+04
1.103078750000000036e+04
1.553385921874999985e+04
1.330936624999999913e+04
1.113605117187500036e+04
1.158423328125000080e+04
1.281105992187499942e+04
1.112799835937500029e+04
9.811133359375000509e+03
1.312096500000000015e+04
1.120863624999999956e+04
1.375174140624999927e+04
1.399348164062499927e+04
1.588643156249999993e+04
1.165188882812499833e+04
1.271733570312499978e+04
1.391930101562500022e+04
1.337878320312500000e+04
1.181662367187500058e+04
1.413831898437499876e+04
1.496246156249999876e+04
1.404532242187499833e+04
1.576849273437500051e+04
1.095465468750000036e+04
1.072152617187500073e+04
1.044610210937499869e+04
1.359581851562500015e+04
1.504125882812500095e+04
1.450242218750000029e+04
1.235641195312499985e+04
1.258393476562499927e+04
1.197136781250000058e+04
1.494732187499999964e+04
1.375678351562499847e+04
1.118612382812499891e+04
1.606881523437499891e+04
1.242500593750000007e+04
1.560265062500000022e+04
1.092768953125000007e+04
1.018949890624999898e+04
1.257459257812499891e+04
1.165583609375000015e+04
1.222372914062500058e+04
1.474118804687499869e+04
1.282623960937499942e+04
1.298959351562499978e+04
1.595827007812500051e+04
1.498529718750000029e+04
1.392012789062500087e+04
1.238335609375000058e+04
1.360094929687499825e+04
1.264271453124999971e+04
9.667946796874999563e+03
9.457794218749999345e+03
1.236237624999999935e+04
1.189962765625000065e+04
1.355024718749999920e+04
1.089941312500000095e+04
9.584175078124999345e+03
1.249062921875000029e+04
1.039927101562499956e+04
1.172742078125000080e+04
1.256516929687499942e+04
1.481852914062499985e+04
1.278441242187500029e+04
1.483453085937499964e+04
1.430068492187499942e+04
1.492511078124999949e+04
1.384079265624999971e+04
1.318628593749999891e+04
1.427426531249999971e+04
1.462691117187499913e+04
1.380403437500000109e+04
1.331886101562499971e+04
1.371379945312500058e+04
1.102902414062499884e+04
1.268281367187499927e+04
1.305387398437500087e+04
1.208836648437499935e+04
1.315633109374999913e+04
1.277192976562500007e+04
1.403970531250000022e+04
1.202920531250000022e+04
1.496132757812499949e+04
1.505727484374999949e+04
1.131771562499999891e+04
1.623841656249999869e+04
1.189842703124999935e+04
1.164845374999999876e+04
1.527624226562499825e+04
1.013934710937499949e+04
1.188935664062499927e+04
1.493632031250000000e+04
1.475780007812499935e+04
1.215593624999999884e+04
1.295873640625000007e+04
1.193617914062499949e+04
1.187513640624999971e+04
1.356977750000000015e+04
9.915627499999998690e+03
1.492295453124999949e+04
1.628762999999999920e+04
1.385207749999999942e+04
1.300245953125000051e+04
1.094394585937500051e+04
1.173337742187499862e+04
1.382499124999999913e+04
1.237385085937499935e+04
1.148668671875000109e+04
1.264337539062499854e+04
1.252733718750000116e+04
1.434124374999999964e+04
1.535273468750000029e+04
1.129147054687499985e+04
1.345833585937499993e+04
1.415152070312499927e+04
1.364081476562500029e+04
1.385418031250000058e+04
1.564514828124999985e+04
1.510920242187499935e+04
1.393312648437499956e+04
1.377014351562499905e+04
1.401789382812499935e+04
1.347489257812500000e+04
1.428989789062499949e+04
1.266666507812499913e+04
1.194666578124999978e+04
1.152727218749999884e+04
1.248779773437500080e+04
1.520918367187500007e+04
1.381629749999999876e+04
1.364672664062499825e+04
1.123071195312500095e+04
1.171070382812500065e+04
1.359258078124999884e+04
1.330499648437499854e+04
1.271022226562499964e+04
1.016760062500000095e+04
1.465827656249999927e+04
1.285827734375000000e+04
1.413453867187499964e+04
1.083057593749999978e+04
1.177077867187499942e+04
1.429011632812499920e+04
1.448697851562499818e+04
1.041647242187499978e+04
1.249476054687499891e+04
8.603357343749999927e+03
1.174029062499999964e+04
1.186608312499999920e+04
1.305003453124999942e+04
1.147907062500000029e+04
1.123443601562500044e+04
1.264041617187500015e+04
1.295701312499999949e+04
1.340864851562500007e+04
1.308279992187500102e+04
1.585942749999999978e+04
1.476128765624999869e+04
1.243515968749999956e+04
1.107341101562499898e+04
1.246075343749999956e+04
1.534031773437499942e+04
1.617207718750000095e+04
1.207426835937500073e+04
1.224486164062500029e+04
1.153439617187499971e+04
1.438928984374999891e+04
1.501649570312499964e+04
1.399108890625000095e+04
1.145997234374999971e+04
1.355123140625000087e+04
1.124535085937499935e+04
1.057090851562500029e+04
9.886746406249998472e+03
1.529425718749999942e+04
1.555733585937499993e+04
1.544265171874999942e+04
9.828151718749999418e+03
1.251317976562500007e+04
1.371269992187500065e+04
1.002434734374999971e+04
1.472978593750000073e+04
1.325767609375000029e+04
1.548081015624999964e+04
1.123643781250000029e+04
1.050221249999999964e+04
1.170503523437500007e+04
1.416426851562500087e+04
1.290544984375000058e+04
1.170949265624999862e+04
1.341917515624999942e+04
1.406136515624999993e+04
1.399214843749999818e+04
1.570063015624999935e+04
1.332293414062499869e+04
1.350137421874999927e+04
1.237885859374999927e+04
1.199799343749999935e+04
1.434997562500000095e+04
1.346349812499999825e+04
1.024516109374999905e+04
1.008712007812500087e+04
1.104985429687500073e+04
1.358669945312500022e+04
1.596312046874999942e+04
1.314663789062499927e+04
1.365427492187499956e+04
1.545832156249999935e+04
1.460950085937500080e+04
1.375745296874999985e+04
1.300841617187500015e+04
1.164662742187499862e+04
1.180685804687500058e+04
1.344926640625000073e+04
1.409229085937499985e+04
1.175871273437499985e+04
1.225946046874999956e+04
1.298212718750000022e+04
1.422832203124999978e+04
1.138380531249999876e+04
1.349287796874999913e+04
1.186159703124999942e+04
1.369369890624999971e+04
1.439978781249999884e+04
1.249035453125000095e+04
1.669073679687500044e+04
1.324332335937499920e+04
1.178338242187499964e+04
1.278384117187499942e+04
1.446745015625000087e+04
1.213552953125000022e+04
1.341067507812499935e+04
1.669311906249999811e+04
1.294006250000000000e+04
1.143482968749999964e+04
1.422012999999999920e+04
1.398561765624999862e+04
1.140156742187500095e+04
1.068912890625000000e+04
1.423372367187499913e+04
1.175913523437500044e+04
1.110874554687499949e+04
1.139658359374999964e+04
1.289018156249999993e+04
1.354253960937500051e+04
1.372189429687499978e+04
1.293712523437499840e+04
1.348319437499999913e+04
1.170187375000000065e+04
1.290096570312499898e+04
1.309467218750000029e+04
1.463794898437499978e+04
1.299285507812499964e+04
1.316747664062500007e+04
1.565607437499999833e+04
1.374841117187500095e+04
1.187230492187499840e+04
1.295888515625000036e+04
1.082979492187499818e+04
1.319713117187500029e+04
1.554797937500000080e+04
1.381813429687499956e+04
1.327435304687499956e+04
1.421576593750000029e+04
1.513617718749999949e+04
1.200251773437499833e+04
8.533128749999999854e+03
1.079368976562500029e+04
1.470228968750000058e+04
1.256049250000000029e+04
1.677144249999999738e+04
1.343868445312499898e+04
1.409724523437499920e+04
1.324547007812500124e+04
1.351302054687499913e+04
1.380255507812499854e+04
1.361667445312500058e+04
1.240772914062499876e+04
1.186168382812500022e+04
1.165278914062500007e+04
1.409552289062499949e+04
1.112202835937499913e+04
1.365853882812499978e+04
1.488332554687499942e+04
1.533133890624999913e+04
1.235992429687500044e+04
1.307182882812499884e+04
1.513800429687499854e+04
1.256475734374999956e+04
1.302121257812499971e+04
9.996371249999998327e+03
1.471109867187499913e+04
1.230858609375000015e+04
1.504211421874999905e+04
1.208871742187499876e+04
1.123958492187499905e+04
1.328364945312499913e+04
1.012735750000000007e+04
1.334811398437500065e+04
1.528511437499999920e+04
9.068766562500000873e+03
1.529327960937500029e+04
1.449961851562499942e+04
1.153290367187499942e+04
1.356794742187499833e+04
1.087795828125000116e+04
1.169369507812499978e+04
8.853490859375000582e+03
1.548775671874999898e+04
1.026944445312500102e+04
1.046786687499999971e+04
1.155994609374999891e+04
1.085535335937499985e+04
1.262769031250000080e+04
1.157347773437499927e+04
1.368840984374999971e+04
1.285528179687499869e+04
1.587599937499999942e+04
1.339090632812500007e+04
1.573761656249999942e+04
1.290419289062499956e+04
1.029565429687500000e+04
1.478223320312499891e+04
1.342080499999999847e+04
1.075520039062499927e+04
1.270577812500000073e+04
1.279912468749999971e+04
1.240584757812499993e+04
1.533014109374999862e+04
1.182188414062499942e+04
1.268214515624999876e+04
1.266209507812499942e+04
1.232403468749999956e+04
1.361860085937499935e+04
1.028442476562499905e+04
1.378675749999999971e+04
1.115974429687499833e+04
1.252808757812499971e+04
1.419727992187499876e+04
1.605403906249999818e+04
1.043931390624999949e+04
1.201041601562499818e+04
1.191668414062499869e+04
1.187241460937499869e+04
1.412014101562500036e+04
1.161989499999999862e+04
1.123452757812500022e+04
1.234207726562500102e+04
1.186490343750000102e+04
1.274862671874999978e+04
1.198942851562500073e+04
1.214180085937500007e+04
1.320450023437500022e+04
1.143469429687499905e+04
1.260085203124999862e+04
1.323766992187500000e+04
1.541612718750000022e+04
1.406017109374999927e+04
1.464573195312499956e+04
1.299491874999999891e+04
1.149965476562499862e+04
1.319449804687499818e+04
1.585468195312500029e+04
9.965271953125000437e+03
1.379932687500000065e+04
1.164462468749999971e+04
1.388883210937500007e+04
1.370564273437499833e+04
1.080381492187500044e+04
1.309785273437499927e+04
1.347166250000000036e+04
1.437567140624999956e+04
1.229450031250000029e+04
1.394950867187499898e+04
1.157730867187500007e+04
1.509505078125000000e+04
1.340188500000000022e+04
1.185479453124999964e+04
1.680555726562500058e+04
1.018908312499999920e+04
1.265874765624999964e+04
1.585291289062499891e+04
1.652638054687499971e+04
1.433811851562499942e+04
1.261311624999999913e+04
1.415700906249999935e+04
1.371087359374999869e+04
1.253480812499999956e+04
1.203930664062500000e+04
1.403512765624999884e+04
1.500919054687500102e+04
1.433541296874999898e+04
1.159692000000000007e+04
1.658298109375000058e+04
9.487154921874998763e+03
1.327127835937499913e+04
1.188572218750000138e+04
1.352049640625000029e+04
1.292898656250000022e+04
1.066243937499999993e+04
1.105004976562499905e+04
1.259123132812499898e+04
1.397724148437499935e+04
1.296402265624999927e+04
1.474208257812500051e+04
1.428254124999999840e+04
1.476617429687500044e+04
1.672862242187499942e+04
1.328643132812499971e+04
1.236901187500000015e+04
1.476055624999999964e+04
1.353087617187500109e+04
1.206905273437499818e+04
1.560784437500000058e+04
1.272395609374999913e+04
1.478956031249999978e+04
1.121675015625000015e+04
1.675602343750000000e+04
1.353109835937499884e+04
1.259142109374999927e+04
1.374800968749999993e+04
1.325460437499999898e+04
1.489205249999999978e+04
1.148345187500000065e+04
1.294184781250000015e+04
1.205848312500000065e+04
1.277273843749999833e+04
1.298612789062499905e+04
1.167329406249999920e+04
1.431373789062499964e+04
1.561752906249999796e+04
1.611809351562499796e+04
1.243421367187499891e+04
1.205698015624999971e+04
1.542547992187499949e+04
1.291900445312500051e+04
1.305709742187499978e+04
1.383027937500000007e+04
1.133796406249999927e+04
1.340403648437499942e+04
1.252020929687500029e+04
1.452178953125000044e+04
1.205998992187499971e+04
1.152541257812499862e+04
9.523799921874999200e+03
1.410197164062500087e+04
1.472576523437499964e+04
1.145571039062499949e+04
1.217087554687499869e+04
1.321638492187499833e+04
1.238980390624999927e+04
1.226928804687499905e+04
1.130001164062499993e+04
1.114638804687499942e+04
1.363603874999999971e+04
1.480675789062500007e+04
1.263592437500000051e+04
1.116109851562499898e+04
1.223006531250000080e+04
1.179083156249999956e+04
8.941062890625000364e+03
1.251387210937500095e+04
