2.519347327993449781e+01
2.194859031516257275e+01
2.375024787034666929e+01
2.516235529145902561e+01
2.605114897932556772e+01
2.905281726008562515e+01
2.164511172190963606e+01
1.969402470334576805e+01
2.564827112679726184e+01
2.624206571643614083e+01
3.108436139092095374e+01
2.610286646657980469e+01
2.045613461928640575e+01
2.160271877379224037e+01
2.150079882945286869e+01
2.448024643897651842e+01
2.658719252354190132e+01
1.914345094106674594e+01
2.697677019788274322e+01
2.839525986714355810e+01
2.537971700974696887e+01
2.055384322368580641e+01
1.941437926534279512e+01
2.070932933683795341e+01
2.595012301606892180e+01
2.158230447321422929e+01
2.867225497811249113e+01
2.013525120390985279e+01
2.459667267662596757e+01
2.611208736491962412e+01
2.407003661463963340e+01
2.126554857894146267e+01
2.591056673198977478e+01
2.568952661188900777e+01
2.366071144451246511e+01
2.970023725779494228e+01
2.607096811371743428e+01
2.468529374078570626e+01
2.142107356559873210e+01
2.796309922284362770e+01
2.526114466679477388e+01
2.637890851859783226e+01
2.094726942313830165e+01
2.942191651307963696e+01
2.528123991063171871e+01
1.984706899854320028e+01
2.048214439221100491e+01
2.015416873879991400e+01
2.521214395183698898e+01
2.076670271978035487e+01
2.050319464567261818e+01
2.077724866085863553e+01
2.093253613211716413e+01
2.606479415836012947e+01
2.232481085711686575e+01
2.200961271699334532e+01
2.117608974384416953e+01
1.988159705300669344e+01
2.159082835511946286e+01
2.476054401858483800e+01
2.697386016975049117e+01
2.132212315555349136e+01
2.557598448301091665e+01
2.018702353354994727e+01
2.583548863065539436e+01
1.919365046821849674e+01
2.612128715101045984e+01
3.053570090837795092e+01
2.421289916654940910e+01
2.321729596057258149e+01
2.546832209626187904e+01
2.543593755658207911e+01
1.963801859627721669e+01
1.932620323074629454e+01
2.081002793796560368e+01
3.184518231158471835e+01
2.601321270827469334e+01
2.904141037794902758e+01
1.882483487986387161e+01
3.066793544816479056e+01
2.142151737816108081e+01
2.469427462176477306e+01
2.311924766868025216e+01
2.354459489621626034e+01
2.114070190619155909e+01
1.982509418547485325e+01
2.684564854116220545e+01
2.528779209808127248e+01
3.112219896327595592e+01
2.613409492922612642e+01
2.078261482962135176e+01
2.606079533186574082e+01
2.613684484688434750e+01
2.652284366415874217e+01
2.345008056731339252e+01
2.680124422433214093e+01
2.614703616223481575e+01
2.530487045124283796e+01
2.480317752905612849e+01
2.540490667650004752e+01
2.577971263746730202e+01
2.096443104850381900e+01
3.012396401887545849e+01
1.947855249378359233e+01
2.502541390430766555e+01
2.591255991161721539e+01
2.992102953993655490e+01
2.080121572270173047e+01
2.632000440422696030e+01
2.666512618991660233e+01
2.045100179438955479e+01
2.065936096160760371e+01
2.571670451867440477e+01
2.074608911094333052e+01
2.958803059437277838e+01
2.514315781655944448e+01
1.974817303573696137e+01
3.068209875289923261e+01
2.933208942345754267e+01
2.727948123906779188e+01
2.617551313208348418e+01
3.032239045545642142e+01
2.458840789578940189e+01
2.618616253063667898e+01
2.353193242583695977e+01
2.606440736082177878e+01
2.594898645635512935e+01
2.714680706782866082e+01
2.651124969108234808e+01
2.681563233363781151e+01
2.586001997811559150e+01
2.752011184488956275e+01
2.148116081787452458e+01
2.893363328487247443e+01
2.836912587524306062e+01
2.443560450920956839e+01
2.100302423839212196e+01
2.641268707926398207e+01
2.991516474171591966e+01
2.597851847548904658e+01
2.619413664103562667e+01
2.620945691035927538e+01
3.132964875122413417e+01
2.530502457399409977e+01
2.594597565442260034e+01
2.632959443259485965e+01
2.107662590182859930e+01
2.091668734495585369e+01
2.522205024524445349e+01
2.215284325870099735e+01
2.127837943343810778e+01
2.913901843022551930e+01
2.959128721165930642e+01
2.488413827024632496e+01
2.140071005218476330e+01
2.371017448494723823e+01
2.582844690742752292e+01
2.361259595300462166e+01
2.044628950582437099e+01
2.544918157483848375e+01
2.137711686323801175e+01
2.708393809981529898e+01
2.759891209055047767e+01
2.976924201531772241e+01
3.146246196529214600e+01
1.984104411814895386e+01
2.541031241756130399e+01
2.310640293157341318e+01
2.955089992303913604e+01
2.601377054283361545e+01
2.879729564569606026e+01
2.726099130583033769e+01
2.630579247743764171e+01
2.552563057182331718e+01
2.144478256237313119e+01
2.059945845290032196e+01
2.929462733478207781e+01
2.171152567545444256e+01
3.068365764807772678e+01
2.144907926129448228e+01
2.781558839275041706e+01
2.790447541610183890e+01
2.060133418504213054e+01
1.969191365145869455e+01
2.565456288155991516e+01
2.020065799733902523e+01
1.963845661274699594e+01
2.603324611827275348e+01
3.087183306996790222e+01
2.924086589178186557e+01
2.599268634217312979e+01
2.719303745574982756e+01
2.062633539016332662e+01
2.640260204380406250e+01
2.638285364441635394e+01
2.574325224835057213e+01
3.094135077143474177e+01
2.641844625068540253e+01
2.544977612365613595e+01
2.758977708339353185e+01
2.136500989605573508e+01
2.493430068404948940e+01
3.076290889369067827e+01
2.688622103167088895e+01
2.601015302176571709e+01
2.770540551260145179e+01
2.643525721398584594e+01
2.688999743975108458e+01
2.619398848353096909e+01
2.112023166315215406e+01
2.689905145784476659e+01
2.703372115014609633e+01
2.672765435144174972e+01
3.014114361716361401e+01
2.812482958542960887e+01
2.125012402114482413e+01
2.993957413174962312e+01
2.624725247035489062e+01
3.144385552054915678e+01
2.289078403803898354e+01
2.663337707186572700e+01
2.606364791401113123e+01
2.553868359334753180e+01
2.933154505856132488e+01
2.673007547809074325e+01
2.589205229301085254e+01
2.198245567086456731e+01
2.994354114330779737e+01
2.532263515303112200e+01
2.674953089022364949e+01
1.980173915531265294e+01
2.350661416490193290e+01
2.744591624868797908e+01
2.056831411280341371e+01
2.143019276721167898e+01
3.073737696077475334e+01
2.111894311451756323e+01
2.106488255946714006e+01
2.214457273239790780e+01
3.049959148286312427e+01
1.910609616791033716e+01
2.464028279988650993e+01
1.880870201741745262e+01
3.016887282701615902e+01
2.735388147997129593e+01
2.867411087302575368e+01
2.569429709327378575e+01
2.358921674307529059e+01
1.971776048995062069e+01
2.593401866294045277e+01
2.854304138317817419e+01
3.153402165762357967e+01
1.920986967986074490e+01
2.116891400691412528e+01
1.967851635519609843e+01
3.150417367285164616e+01
2.857473308345063856e+01
2.258256447893602825e+01
2.673052576630331600e+01
2.759038702129869947e+01
3.068037212453868534e+01
3.215689854056034136e+01
2.668425456088966286e+01
2.628193844607916319e+01
2.867698930247781419e+01
2.677784088124401762e+01
2.373538324630422736e+01
2.054943171730300122e+01
2.800535164045567882e+01
3.192729780822518748e+01
2.987947898628444676e+01
2.653514163628211264e+01
2.645799795610567173e+01
2.400193368608283961e+01
2.948604943480700058e+01
3.281627761936864829e+01
1.972640664014353717e+01
2.691713161203547955e+01
1.762347718793570195e+01
3.078820229827889676e+01
3.248156629566575759e+01
2.915245173636197507e+01
2.956757972109974730e+01
2.949147325506752537e+01
2.458312210009053445e+01
2.295025229709242254e+01
2.929044055136611036e+01
2.658112636495378567e+01
3.058162361103024907e+01
2.425023522567446577e+01
1.990091452310894127e+01
2.177592949796971666e+01
2.208930260539529655e+01
2.780486095854388751e+01
2.189842914042943534e+01
2.262659766099499592e+01
3.362159396198629224e+01
2.754662925201311907e+01
2.995866472523564283e+01
2.062994770787983256e+01
2.653351394902817262e+01
2.479862672481608854e+01
2.359166478048992843e+01
2.545520126140973360e+01
3.185273259298520188e+01
3.272531631326501156e+01
2.312106814891120976e+01
3.251964607009953312e+01
2.937188316638143704e+01
2.155453424597430967e+01
2.595891891980745214e+01
2.061773805624308054e+01
3.285935595690729372e+01
2.600977923863414532e+01
3.581959105990392089e+01
2.399987260393528032e+01
2.825520548900020401e+01
2.247017652627600626e+01
2.735736178860051382e+01
2.993449783714570955e+01
2.680310202199848391e+01
2.621342882361277304e+01
1.998195340893931871e+01
2.872989539231514300e+01
3.075306968487942072e+01
2.258417625296101150e+01
2.660284901930475954e+01
3.009519367239124321e+01
2.425689707402611717e+01
3.237281306574035966e+01
2.172977595958364816e+01
2.691264842465402296e+01
2.758398836197815740e+01
2.695577878242259828e+01
3.130307294506585691e+01
2.970696260824232127e+01
2.474727817633437965e+01
2.431660902153616632e+01
3.003050068612395762e+01
2.155993873184713294e+01
2.892345635842703899e+01
1.982771699687252820e+01
2.895241813891233562e+01
2.855893006202908779e+01
2.897769879349494460e+01
2.984729829275908486e+01
2.480224330039310487e+01
3.150779263446071354e+01
2.013434417420412004e+01
2.055301102672736846e+01
2.393579787387908198e+01
3.110161723460222305e+01
2.984894010284385502e+01
1.917536825460201655e+01
3.080619973350416885e+01
2.671458531556094229e+01
3.757416630823547621e+01
2.941375537697229348e+01
2.707860493662977674e+01
5.293165931604524133e+01
2.408474959268641413e+01
2.907059706563497059e+01
3.116518778746673490e+01
2.938805162272764804e+01
2.838594451320840761e+01
2.812346730188158617e+01
2.263666958479009494e+01
2.876304642773729725e+01
2.315444900552059693e+01
2.930226276351888615e+01
3.010212056577411133e+01
2.625733380343717016e+01
2.347316203795423561e+01
3.154225017575154411e+01
3.013036200228835071e+01
2.581884028687448307e+01
2.787867110667786363e+01
3.728699962399447543e+01
3.463106537313574051e+01
3.495606850694516510e+01
2.745554792832509605e+01
2.625829511002356753e+01
3.286901835279307704e+01
2.055579917473482965e+01
2.863998098776157519e+01
2.819140326324337309e+01
2.072949083169061169e+01
3.374031440352894862e+01
3.296092319055880182e+01
2.718439553492205718e+01
2.369809641891115604e+01
3.270653117013087297e+01
2.182659881309807659e+01
2.072815088918475723e+01
2.628173789488160850e+01
3.021682502030802198e+01
2.719941524943830657e+01
1.939132400916768262e+01
3.264342026949107378e+01
2.426867549078000508e+01
2.068341683806339759e+01
3.391714104851021006e+01
3.444533477880003147e+01
2.725996658674070261e+01
2.742208151252717130e+01
1.934687292932487779e+01
2.920555538544185836e+01
2.228661892919287624e+01
2.395149086058215460e+01
1.958767598960280409e+01
2.454061108578443751e+01
3.120251218049853037e+01
2.722848437723361315e+01
2.220780638579214639e+01
2.391681298846259196e+01
2.066812542186796975e+01
3.090780790839377801e+01
2.501678754497099888e+01
3.076522950974551307e+01
2.992439836001237552e+01
2.213864920907444045e+01
2.080803554393383337e+01
3.176924750914919215e+01
2.622909210840938599e+01
2.856013382189739147e+01
2.528153583326164622e+01
4.480461637634464722e+01
3.440442309226652640e+01
2.700381658223347614e+01
3.228882936370898449e+01
2.934206185332025285e+01
2.582062541521467836e+01
4.763170280610450646e+01
3.308500119505647064e+01
3.462343069384080252e+01
2.945623225351285512e+01
2.317834968485249547e+01
4.068996987183078318e+01
2.043629318350955160e+01
3.145030312421301488e+01
3.103176293037766698e+01
3.898367406445761674e+01
2.938506125842789274e+01
2.234214727572281589e+01
2.785151877396037889e+01
2.600002064519015477e+01
3.529800356564935271e+01
3.246698682844311179e+01
3.090051640557664214e+01
3.208542017146822900e+01
3.473915289091679170e+01
2.932953512458084688e+01
2.768611540758263345e+01
3.753333768984012409e+01
2.996495136672566062e+01
3.351452195449228100e+01
3.747766615787810451e+01
3.189219589520683229e+01
2.874406222504748243e+01
3.538480898929955032e+01
3.845621532343592719e+01
4.201206340263652095e+01
2.582054660962124260e+01
1.786113261218899240e+01
3.607350686939356876e+01
3.337076814566197669e+01
3.421898196186076291e+01
4.083560812471069568e+01
3.247891099727479514e+01
3.986899604921356399e+01
2.576414436120165163e+01
2.468273333556020077e+01
3.069322864429203435e+01
3.479735739985349596e+01
2.924210083192027554e+01
3.029261114542806155e+01
3.454537865236530081e+01
2.797467124736848021e+01
2.756216733918459738e+01
2.786064322963448348e+01
3.885367692578446963e+01
2.452384494421345096e+01
4.104655063961739359e+01
2.933379203470855856e+01
3.318503797543881717e+01
2.565742887480495682e+01
2.594954581443258945e+01
2.567484575464538210e+01
2.709270143640927841e+01
2.405095803563028056e+01
3.243672767134513890e+01
3.803991705648019206e+01
2.632139564630007200e+01
3.677464582534855708e+01
2.418116810951286055e+01
2.874299232570080065e+01
3.697883957820211265e+01
3.186834015736697268e+01
3.223268190375300435e+01
1.974526985357329067e+01
2.465362744169926401e+01
2.025911775697781181e+01
2.626780295177794500e+01
2.731176217055956812e+01
2.145295566321761171e+01
2.244714327064638937e+01
2.266158057735644249e+01
2.816884588689421065e+01
3.795909439238170791e+01
2.471149394018529577e+01
2.242849764142557234e+01
2.514684653299778105e+01
1.986964547509372636e+01
2.816127325737347320e+01
3.130099744571661446e+01
3.326720069007541980e+01
3.023202118107876402e+01
3.606600629195386176e+01
2.437286198757994171e+01
3.693514873741739279e+01
3.271233648135942929e+01
4.054811503658078209e+01
3.827076794210124433e+01
3.298530638374923996e+01
3.868392771140114661e+01
4.091508436809459681e+01
3.310971600865626385e+01
3.101680879955596737e+01
3.880320606165952313e+01
4.928057359864028797e+01
4.145330855638813716e+01
4.896627282567958162e+01
4.754178871661034123e+01
3.075024355151640520e+01
3.336299011977705220e+01
2.882579008679200783e+01
3.847302862888058428e+01
2.598008828739311582e+01
4.627079957836886592e+01
3.463972336975642463e+01
4.814418014028170489e+01
2.191659787663606807e+01
2.857187638876340330e+01
3.072449575573041614e+01
2.499442480465832617e+01
4.483863555183589256e+01
3.048562736449798294e+01
2.521339514704177986e+01
3.915026390075932738e+01
2.943946661487579064e+01
2.382702339270097980e+01
4.149708391785675587e+01
3.053312591806498233e+01
3.608542483631982378e+01
4.529318885554421570e+01
3.550449453981222803e+01
3.812334114422834119e+01
3.591124888473462562e+01
2.779571544182668674e+01
3.436215054901886390e+01
3.230000686045988800e+01
3.691937168260108137e+01
2.546267807573919839e+01
2.762169130982218590e+01
4.247576861060942122e+01
3.003469355778535999e+01
2.672748746902407291e+01
3.036311875471049149e+01
2.669380596737724431e+01
4.286732945073108425e+01
3.596118934747626383e+01
3.465813774162829475e+01
3.118466979724086485e+01
2.715423930603243718e+01
2.856902432837827632e+01
3.204213943482839966e+01
2.469634063474664032e+01
3.478404663539522801e+01
2.635715230648951035e+01
4.054337157173975470e+01
3.796412333216345303e+01
2.215972970871834491e+01
